0 0 0 0 8 208.4452262852309
0 0 0 1 8 208.4452262852309
0 0 0 2 8 208.4452262852309
0 0 0 3 8 208.4452262852309
0 0 0 4 8 208.4452262852309
0 0 0 5 8 208.4452262852309
0 0 0 6 8 208.4452262852309
0 0 0 7 8 208.4452262852309
0 0 0 8 8 208.4452262852309
0 0 0 9 8 208.4452262852309
0 0 0 10 8 208.4452262852309
0 0 0 11 8 208.4452262852309
0 0 0 12 8 208.4452262852309
0 0 0 13 8 208.4452262852309
0 0 0 14 8 208.4452262852309
0 0 0 15 8 208.4452262852309
0 0 0 16 24 233.47420196315718
0 0 0 17 24 233.47420196315718
0 0 0 18 24 233.47420196315718
0 0 0 19 24 233.47420196315718
0 0 0 20 24 233.47420196315718
0 0 0 21 24 233.47420196315718
0 0 0 22 24 233.47420196315718
0 0 0 23 24 233.47420196315718
0 0 0 24 24 233.47420196315718
0 0 0 25 24 233.47420196315718
0 0 0 26 24 233.47420196315718
0 0 0 27 24 233.47420196315718
0 0 0 28 24 233.47420196315718
0 0 0 29 24 233.47420196315718
0 0 0 30 24 233.47420196315718
0 0 0 31 24 233.47420196315718
0 0 1 0 13 205.14208750818187
0 0 1 1 13 205.14208750818187
0 0 1 2 13 205.14208750818187
0 0 1 3 13 205.14208750818187
0 0 1 4 13 205.14208750818187
0 0 1 5 13 205.14208750818187
0 0 1 6 13 205.14208750818187
0 0 1 7 13 205.14208750818187
0 0 1 8 13 205.14208750818187
0 0 1 9 13 205.14208750818187
0 0 1 10 13 205.14208750818187
0 0 1 11 13 205.14208750818187
0 0 1 12 13 205.14208750818187
0 0 1 13 13 205.14208750818187
0 0 1 14 13 205.14208750818187
0 0 1 15 13 205.14208750818187
0 0 1 16 25 198.26987447698744
0 0 1 17 25 198.26987447698744
0 0 1 18 25 198.26987447698744
0 0 1 19 25 198.26987447698744
0 0 1 20 25 198.26987447698744
0 0 1 21 25 198.26987447698744
0 0 1 22 25 198.26987447698744
0 0 1 23 25 198.26987447698744
0 0 1 24 25 198.26987447698744
0 0 1 25 25 198.26987447698744
0 0 1 26 25 198.26987447698744
0 0 1 27 25 198.26987447698744
0 0 1 28 25 198.26987447698744
0 0 1 29 25 198.26987447698744
0 0 1 30 25 198.26987447698744
0 0 1 31 25 198.26987447698744
0 0 2 0 9 184.61797646940582
0 0 2 1 9 184.61797646940582
0 0 2 2 9 184.61797646940582
0 0 2 3 9 184.61797646940582
0 0 2 4 9 184.61797646940582
0 0 2 5 9 184.61797646940582
0 0 2 6 9 184.61797646940582
0 0 2 7 9 184.61797646940582
0 0 2 8 9 184.61797646940582
0 0 2 9 9 184.61797646940582
0 0 2 10 9 184.61797646940582
0 0 2 11 9 184.61797646940582
0 0 2 12 9 184.61797646940582
0 0 2 13 9 184.61797646940582
0 0 2 14 9 184.61797646940582
0 0 2 15 9 184.61797646940582
0 0 2 16 23 207.93240566291652
0 0 2 17 23 207.93240566291652
0 0 2 18 23 207.93240566291652
0 0 2 19 23 207.93240566291652
0 0 2 20 23 207.93240566291652
0 0 2 21 23 207.93240566291652
0 0 2 22 23 207.93240566291652
0 0 2 23 23 207.93240566291652
0 0 2 24 23 207.93240566291652
0 0 2 25 23 207.93240566291652
0 0 2 26 23 207.93240566291652
0 0 2 27 23 207.93240566291652
0 0 2 28 23 207.93240566291652
0 0 2 29 23 207.93240566291652
0 0 2 30 23 207.93240566291652
0 0 2 31 23 207.93240566291652
0 0 3 0 8 239.23390659663627
0 0 3 1 8 239.23390659663627
0 0 3 2 8 239.23390659663627
0 0 3 3 8 239.23390659663627
0 0 3 4 8 239.23390659663627
0 0 3 5 8 239.23390659663627
0 0 3 6 8 239.23390659663627
0 0 3 7 8 239.23390659663627
0 0 3 8 8 239.23390659663627
0 0 3 9 8 239.23390659663627
0 0 3 10 8 239.23390659663627
0 0 3 11 8 239.23390659663627
0 0 3 12 8 239.23390659663627
0 0 3 13 8 239.23390659663627
0 0 3 14 8 239.23390659663627
0 0 3 15 8 239.23390659663627
0 0 3 16 30 286.02017674987803
0 0 3 17 30 286.02017674987803
0 0 3 18 30 286.02017674987803
0 0 3 19 30 286.02017674987803
0 0 3 20 30 286.02017674987803
0 0 3 21 30 286.02017674987803
0 0 3 22 30 286.02017674987803
0 0 3 23 30 286.02017674987803
0 0 3 24 30 286.02017674987803
0 0 3 25 30 286.02017674987803
0 0 3 26 30 286.02017674987803
0 0 3 27 30 286.02017674987803
0 0 3 28 30 286.02017674987803
0 0 3 29 30 286.02017674987803
0 0 3 30 30 286.02017674987803
0 0 3 31 30 286.02017674987803
0 0 4 0 9 212.77315132029727
0 0 4 1 9 212.77315132029727
0 0 4 2 9 212.77315132029727
0 0 4 3 9 212.77315132029727
0 0 4 4 9 212.77315132029727
0 0 4 5 9 212.77315132029727
0 0 4 6 9 212.77315132029727
0 0 4 7 9 212.77315132029727
0 0 4 8 9 212.77315132029727
0 0 4 9 9 212.77315132029727
0 0 4 10 9 212.77315132029727
0 0 4 11 9 212.77315132029727
0 0 4 12 9 212.77315132029727
0 0 4 13 9 212.77315132029727
0 0 4 14 9 212.77315132029727
0 0 4 15 9 212.77315132029727
0 0 4 16 19 228.35806424766977
0 0 4 17 19 228.35806424766977
0 0 4 18 19 228.35806424766977
0 0 4 19 19 228.35806424766977
0 0 4 20 19 228.35806424766977
0 0 4 21 19 228.35806424766977
0 0 4 22 19 228.35806424766977
0 0 4 23 19 228.35806424766977
0 0 4 24 19 228.35806424766977
0 0 4 25 19 228.35806424766977
0 0 4 26 19 228.35806424766977
0 0 4 27 19 228.35806424766977
0 0 4 28 19 228.35806424766977
0 0 4 29 19 228.35806424766977
0 0 4 30 19 228.35806424766977
0 0 4 31 19 228.35806424766977
0 0 5 0 10 248.41785017163627
0 0 5 1 10 248.41785017163627
0 0 5 2 10 248.41785017163627
0 0 5 3 10 248.41785017163627
0 0 5 4 10 248.41785017163627
0 0 5 5 10 248.41785017163627
0 0 5 6 10 248.41785017163627
0 0 5 7 10 248.41785017163627
0 0 5 8 10 248.41785017163627
0 0 5 9 10 248.41785017163627
0 0 5 10 10 248.41785017163627
0 0 5 11 10 248.41785017163627
0 0 5 12 10 248.41785017163627
0 0 5 13 10 248.41785017163627
0 0 5 14 10 248.41785017163627
0 0 5 15 10 248.41785017163627
0 0 5 16 17 203.09913329244725
0 0 5 17 17 203.09913329244725
0 0 5 18 17 203.09913329244725
0 0 5 19 17 203.09913329244725
0 0 5 20 17 203.09913329244725
0 0 5 21 17 203.09913329244725
0 0 5 22 17 203.09913329244725
0 0 5 23 17 203.09913329244725
0 0 5 24 17 203.09913329244725
0 0 5 25 17 203.09913329244725
0 0 5 26 17 203.09913329244725
0 0 5 27 17 203.09913329244725
0 0 5 28 17 203.09913329244725
0 0 5 29 17 203.09913329244725
0 0 5 30 17 203.09913329244725
0 0 5 31 17 203.09913329244725
0 1 0 0 12 181.94509925558313
0 1 0 1 12 181.94509925558313
0 1 0 2 12 181.94509925558313
0 1 0 3 12 181.94509925558313
0 1 0 4 12 181.94509925558313
0 1 0 5 12 181.94509925558313
0 1 0 6 12 181.94509925558313
0 1 0 7 12 181.94509925558313
0 1 0 8 12 181.94509925558313
0 1 0 9 12 181.94509925558313
0 1 0 10 12 181.94509925558313
0 1 0 11 12 181.94509925558313
0 1 0 12 12 181.94509925558313
0 1 0 13 12 181.94509925558313
0 1 0 14 12 181.94509925558313
0 1 0 15 12 181.94509925558313
0 1 0 16 18 221.43172571990334
0 1 0 17 18 221.43172571990334
0 1 0 18 18 221.43172571990334
0 1 0 19 18 221.43172571990334
0 1 0 20 18 221.43172571990334
0 1 0 21 18 221.43172571990334
0 1 0 22 18 221.43172571990334
0 1 0 23 18 221.43172571990334
0 1 0 24 18 221.43172571990334
0 1 0 25 18 221.43172571990334
0 1 0 26 18 221.43172571990334
0 1 0 27 18 221.43172571990334
0 1 0 28 18 221.43172571990334
0 1 0 29 18 221.43172571990334
0 1 0 30 18 221.43172571990334
0 1 0 31 18 221.43172571990334
0 1 1 0 13 201.75302061327517
0 1 1 1 13 201.75302061327517
0 1 1 2 13 201.75302061327517
0 1 1 3 13 201.75302061327517
0 1 1 4 13 201.75302061327517
0 1 1 5 13 201.75302061327517
0 1 1 6 13 201.75302061327517
0 1 1 7 13 201.75302061327517
0 1 1 8 13 201.75302061327517
0 1 1 9 13 201.75302061327517
0 1 1 10 13 201.75302061327517
0 1 1 11 13 201.75302061327517
0 1 1 12 13 201.75302061327517
0 1 1 13 13 201.75302061327517
0 1 1 14 13 201.75302061327517
0 1 1 15 13 201.75302061327517
0 1 1 16 17 241.98438457334944
0 1 1 17 17 241.98438457334944
0 1 1 18 17 241.98438457334944
0 1 1 19 17 241.98438457334944
0 1 1 20 17 241.98438457334944
0 1 1 21 17 241.98438457334944
0 1 1 22 17 241.98438457334944
0 1 1 23 17 241.98438457334944
0 1 1 24 17 241.98438457334944
0 1 1 25 17 241.98438457334944
0 1 1 26 17 241.98438457334944
0 1 1 27 17 241.98438457334944
0 1 1 28 17 241.98438457334944
0 1 1 29 17 241.98438457334944
0 1 1 30 17 241.98438457334944
0 1 1 31 17 241.98438457334944
0 1 2 0 15 238.61839505459588
0 1 2 1 15 238.61839505459588
0 1 2 2 15 238.61839505459588
0 1 2 3 15 238.61839505459588
0 1 2 4 15 238.61839505459588
0 1 2 5 15 238.61839505459588
0 1 2 6 15 238.61839505459588
0 1 2 7 15 238.61839505459588
0 1 2 8 15 238.61839505459588
0 1 2 9 15 238.61839505459588
0 1 2 10 15 238.61839505459588
0 1 2 11 15 238.61839505459588
0 1 2 12 15 238.61839505459588
0 1 2 13 15 238.61839505459588
0 1 2 14 15 238.61839505459588
0 1 2 15 15 238.61839505459588
0 1 2 16 19 249.36270264511802
0 1 2 17 19 249.36270264511802
0 1 2 18 19 249.36270264511802
0 1 2 19 19 249.36270264511802
0 1 2 20 19 249.36270264511802
0 1 2 21 19 249.36270264511802
0 1 2 22 19 249.36270264511802
0 1 2 23 19 249.36270264511802
0 1 2 24 19 249.36270264511802
0 1 2 25 19 249.36270264511802
0 1 2 26 19 249.36270264511802
0 1 2 27 19 249.36270264511802
0 1 2 28 19 249.36270264511802
0 1 2 29 19 249.36270264511802
0 1 2 30 19 249.36270264511802
0 1 2 31 19 249.36270264511802
0 1 3 0 13 186.73852723561365
0 1 3 1 13 186.73852723561365
0 1 3 2 13 186.73852723561365
0 1 3 3 13 186.73852723561365
0 1 3 4 13 186.73852723561365
0 1 3 5 13 186.73852723561365
0 1 3 6 13 186.73852723561365
0 1 3 7 13 186.73852723561365
0 1 3 8 13 186.73852723561365
0 1 3 9 13 186.73852723561365
0 1 3 10 13 186.73852723561365
0 1 3 11 13 186.73852723561365
0 1 3 12 13 186.73852723561365
0 1 3 13 13 186.73852723561365
0 1 3 14 13 186.73852723561365
0 1 3 15 13 186.73852723561365
0 1 3 16 30 191.59325921509486
0 1 3 17 30 191.59325921509486
0 1 3 18 30 191.59325921509486
0 1 3 19 30 191.59325921509486
0 1 3 20 30 191.59325921509486
0 1 3 21 30 191.59325921509486
0 1 3 22 30 191.59325921509486
0 1 3 23 30 191.59325921509486
0 1 3 24 30 191.59325921509486
0 1 3 25 30 191.59325921509486
0 1 3 26 30 191.59325921509486
0 1 3 27 30 191.59325921509486
0 1 3 28 30 191.59325921509486
0 1 3 29 30 191.59325921509486
0 1 3 30 30 191.59325921509486
0 1 3 31 30 191.59325921509486
0 1 4 0 12 178.48378893833438
0 1 4 1 12 178.48378893833438
0 1 4 2 12 178.48378893833438
0 1 4 3 12 178.48378893833438
0 1 4 4 12 178.48378893833438
0 1 4 5 12 178.48378893833438
0 1 4 6 12 178.48378893833438
0 1 4 7 12 178.48378893833438
0 1 4 8 12 178.48378893833438
0 1 4 9 12 178.48378893833438
0 1 4 10 12 178.48378893833438
0 1 4 11 12 178.48378893833438
0 1 4 12 12 178.48378893833438
0 1 4 13 12 178.48378893833438
0 1 4 14 12 178.48378893833438
0 1 4 15 12 178.48378893833438
0 1 4 16 16 200.50891239553505
0 1 4 17 16 200.50891239553505
0 1 4 18 16 200.50891239553505
0 1 4 19 16 200.50891239553505
0 1 4 20 16 200.50891239553505
0 1 4 21 16 200.50891239553505
0 1 4 22 16 200.50891239553505
0 1 4 23 16 200.50891239553505
0 1 4 24 16 200.50891239553505
0 1 4 25 16 200.50891239553505
0 1 4 26 16 200.50891239553505
0 1 4 27 16 200.50891239553505
0 1 4 28 16 200.50891239553505
0 1 4 29 16 200.50891239553505
0 1 4 30 16 200.50891239553505
0 1 4 31 16 200.50891239553505
0 1 5 0 8 237.94428711312494
0 1 5 1 8 237.94428711312494
0 1 5 2 8 237.94428711312494
0 1 5 3 8 237.94428711312494
0 1 5 4 8 237.94428711312494
0 1 5 5 8 237.94428711312494
0 1 5 6 8 237.94428711312494
0 1 5 7 8 237.94428711312494
0 1 5 8 8 237.94428711312494
0 1 5 9 8 237.94428711312494
0 1 5 10 8 237.94428711312494
0 1 5 11 8 237.94428711312494
0 1 5 12 8 237.94428711312494
0 1 5 13 8 237.94428711312494
0 1 5 14 8 237.94428711312494
0 1 5 15 8 237.94428711312494
0 1 5 16 19 235.86488356945122
0 1 5 17 19 235.86488356945122
0 1 5 18 19 235.86488356945122
0 1 5 19 19 235.86488356945122
0 1 5 20 19 235.86488356945122
0 1 5 21 19 235.86488356945122
0 1 5 22 19 235.86488356945122
0 1 5 23 19 235.86488356945122
0 1 5 24 19 235.86488356945122
0 1 5 25 19 235.86488356945122
0 1 5 26 19 235.86488356945122
0 1 5 27 19 235.86488356945122
0 1 5 28 19 235.86488356945122
0 1 5 29 19 235.86488356945122
0 1 5 30 19 235.86488356945122
0 1 5 31 19 235.86488356945122
0 3 0 0 11 206.04803889789304
0 3 0 1 11 206.04803889789304
0 3 0 2 11 206.04803889789304
0 3 0 3 11 206.04803889789304
0 3 0 4 11 206.04803889789304
0 3 0 5 11 206.04803889789304
0 3 0 6 11 206.04803889789304
0 3 0 7 11 206.04803889789304
0 3 0 8 11 206.04803889789304
0 3 0 9 11 206.04803889789304
0 3 0 10 11 206.04803889789304
0 3 0 11 11 206.04803889789304
0 3 0 12 11 206.04803889789304
0 3 0 13 11 206.04803889789304
0 3 0 14 11 206.04803889789304
0 3 0 15 11 206.04803889789304
0 3 0 16 17 238.93981364572142
0 3 0 17 17 238.93981364572142
0 3 0 18 17 238.93981364572142
0 3 0 19 17 238.93981364572142
0 3 0 20 17 238.93981364572142
0 3 0 21 17 238.93981364572142
0 3 0 22 17 238.93981364572142
0 3 0 23 17 238.93981364572142
0 3 0 24 17 238.93981364572142
0 3 0 25 17 238.93981364572142
0 3 0 26 17 238.93981364572142
0 3 0 27 17 238.93981364572142
0 3 0 28 17 238.93981364572142
0 3 0 29 17 238.93981364572142
0 3 0 30 17 238.93981364572142
0 3 0 31 17 238.93981364572142
0 3 1 0 9 177.2689466484268
0 3 1 1 9 177.2689466484268
0 3 1 2 9 177.2689466484268
0 3 1 3 9 177.2689466484268
0 3 1 4 9 177.2689466484268
0 3 1 5 9 177.2689466484268
0 3 1 6 9 177.2689466484268
0 3 1 7 9 177.2689466484268
0 3 1 8 9 177.2689466484268
0 3 1 9 9 177.2689466484268
0 3 1 10 9 177.2689466484268
0 3 1 11 9 177.2689466484268
0 3 1 12 9 177.2689466484268
0 3 1 13 9 177.2689466484268
0 3 1 14 9 177.2689466484268
0 3 1 15 9 177.2689466484268
0 3 1 16 23 220.4679066045407
0 3 1 17 23 220.4679066045407
0 3 1 18 23 220.4679066045407
0 3 1 19 23 220.4679066045407
0 3 1 20 23 220.4679066045407
0 3 1 21 23 220.4679066045407
0 3 1 22 23 220.4679066045407
0 3 1 23 23 220.4679066045407
0 3 1 24 23 220.4679066045407
0 3 1 25 23 220.4679066045407
0 3 1 26 23 220.4679066045407
0 3 1 27 23 220.4679066045407
0 3 1 28 23 220.4679066045407
0 3 1 29 23 220.4679066045407
0 3 1 30 23 220.4679066045407
0 3 1 31 23 220.4679066045407
0 3 2 0 11 226.9249675222078
0 3 2 1 11 226.9249675222078
0 3 2 2 11 226.9249675222078
0 3 2 3 11 226.9249675222078
0 3 2 4 11 226.9249675222078
0 3 2 5 11 226.9249675222078
0 3 2 6 11 226.9249675222078
0 3 2 7 11 226.9249675222078
0 3 2 8 11 226.9249675222078
0 3 2 9 11 226.9249675222078
0 3 2 10 11 226.9249675222078
0 3 2 11 11 226.9249675222078
0 3 2 12 11 226.9249675222078
0 3 2 13 11 226.9249675222078
0 3 2 14 11 226.9249675222078
0 3 2 15 11 226.9249675222078
0 3 2 16 23 224.7465387162959
0 3 2 17 23 224.7465387162959
0 3 2 18 23 224.7465387162959
0 3 2 19 23 224.7465387162959
0 3 2 20 23 224.7465387162959
0 3 2 21 23 224.7465387162959
0 3 2 22 23 224.7465387162959
0 3 2 23 23 224.7465387162959
0 3 2 24 23 224.7465387162959
0 3 2 25 23 224.7465387162959
0 3 2 26 23 224.7465387162959
0 3 2 27 23 224.7465387162959
0 3 2 28 23 224.7465387162959
0 3 2 29 23 224.7465387162959
0 3 2 30 23 224.7465387162959
0 3 2 31 23 224.7465387162959
0 3 4 0 11 244.9140996387146
0 3 4 1 11 244.9140996387146
0 3 4 2 11 244.9140996387146
0 3 4 3 11 244.9140996387146
0 3 4 4 11 244.9140996387146
0 3 4 5 11 244.9140996387146
0 3 4 6 11 244.9140996387146
0 3 4 7 11 244.9140996387146
0 3 4 8 11 244.9140996387146
0 3 4 9 11 244.9140996387146
0 3 4 10 11 244.9140996387146
0 3 4 11 11 244.9140996387146
0 3 4 12 11 244.9140996387146
0 3 4 13 11 244.9140996387146
0 3 4 14 11 244.9140996387146
0 3 4 15 11 244.9140996387146
0 3 4 16 21 198.5509020149851
0 3 4 17 21 198.5509020149851
0 3 4 18 21 198.5509020149851
0 3 4 19 21 198.5509020149851
0 3 4 20 21 198.5509020149851
0 3 4 21 21 198.5509020149851
0 3 4 22 21 198.5509020149851
0 3 4 23 21 198.5509020149851
0 3 4 24 21 198.5509020149851
0 3 4 25 21 198.5509020149851
0 3 4 26 21 198.5509020149851
0 3 4 27 21 198.5509020149851
0 3 4 28 21 198.5509020149851
0 3 4 29 21 198.5509020149851
0 3 4 30 21 198.5509020149851
0 3 4 31 21 198.5509020149851
0 3 5 0 11 199.03670830018166
0 3 5 1 11 199.03670830018166
0 3 5 2 11 199.03670830018166
0 3 5 3 11 199.03670830018166
0 3 5 4 11 199.03670830018166
0 3 5 5 11 199.03670830018166
0 3 5 6 11 199.03670830018166
0 3 5 7 11 199.03670830018166
0 3 5 8 11 199.03670830018166
0 3 5 9 11 199.03670830018166
0 3 5 10 11 199.03670830018166
0 3 5 11 11 199.03670830018166
0 3 5 12 11 199.03670830018166
0 3 5 13 11 199.03670830018166
0 3 5 14 11 199.03670830018166
0 3 5 15 11 199.03670830018166
0 3 5 16 23 566.0
0 3 5 17 23 566.0
0 3 5 18 23 566.0
0 3 5 19 23 566.0
0 3 5 20 23 566.0
0 3 5 21 23 566.0
0 3 5 22 23 566.0
0 3 5 23 23 566.0
0 3 5 24 23 566.0
0 3 5 25 23 566.0
0 3 5 26 23 566.0
0 3 5 27 23 566.0
0 3 5 28 23 566.0
0 3 5 29 23 566.0
0 3 5 30 23 566.0
0 3 5 31 23 566.0
0 4 0 0 14 193.8196894202727
0 4 0 1 14 193.8196894202727
0 4 0 2 14 193.8196894202727
0 4 0 3 14 193.8196894202727
0 4 0 4 14 193.8196894202727
0 4 0 5 14 193.8196894202727
0 4 0 6 14 193.8196894202727
0 4 0 7 14 193.8196894202727
0 4 0 8 14 193.8196894202727
0 4 0 9 14 193.8196894202727
0 4 0 10 14 193.8196894202727
0 4 0 11 14 193.8196894202727
0 4 0 12 14 193.8196894202727
0 4 0 13 14 193.8196894202727
0 4 0 14 14 193.8196894202727
0 4 0 15 14 193.8196894202727
0 4 0 16 17 256.61563207870955
0 4 0 17 17 256.61563207870955
0 4 0 18 17 256.61563207870955
0 4 0 19 17 256.61563207870955
0 4 0 20 17 256.61563207870955
0 4 0 21 17 256.61563207870955
0 4 0 22 17 256.61563207870955
0 4 0 23 17 256.61563207870955
0 4 0 24 17 256.61563207870955
0 4 0 25 17 256.61563207870955
0 4 0 26 17 256.61563207870955
0 4 0 27 17 256.61563207870955
0 4 0 28 17 256.61563207870955
0 4 0 29 17 256.61563207870955
0 4 0 30 17 256.61563207870955
0 4 0 31 17 256.61563207870955
0 4 1 0 8 209.357288907064
0 4 1 1 8 209.357288907064
0 4 1 2 8 209.357288907064
0 4 1 3 8 209.357288907064
0 4 1 4 8 209.357288907064
0 4 1 5 8 209.357288907064
0 4 1 6 8 209.357288907064
0 4 1 7 8 209.357288907064
0 4 1 8 8 209.357288907064
0 4 1 9 8 209.357288907064
0 4 1 10 8 209.357288907064
0 4 1 11 8 209.357288907064
0 4 1 12 8 209.357288907064
0 4 1 13 8 209.357288907064
0 4 1 14 8 209.357288907064
0 4 1 15 8 209.357288907064
0 4 1 16 17 181.48158409669432
0 4 1 17 17 181.48158409669432
0 4 1 18 17 181.48158409669432
0 4 1 19 17 181.48158409669432
0 4 1 20 17 181.48158409669432
0 4 1 21 17 181.48158409669432
0 4 1 22 17 181.48158409669432
0 4 1 23 17 181.48158409669432
0 4 1 24 17 181.48158409669432
0 4 1 25 17 181.48158409669432
0 4 1 26 17 181.48158409669432
0 4 1 27 17 181.48158409669432
0 4 1 28 17 181.48158409669432
0 4 1 29 17 181.48158409669432
0 4 1 30 17 181.48158409669432
0 4 1 31 17 181.48158409669432
0 4 2 0 8 190.91729825723144
0 4 2 1 8 190.91729825723144
0 4 2 2 8 190.91729825723144
0 4 2 3 8 190.91729825723144
0 4 2 4 8 190.91729825723144
0 4 2 5 8 190.91729825723144
0 4 2 6 8 190.91729825723144
0 4 2 7 8 190.91729825723144
0 4 2 8 8 190.91729825723144
0 4 2 9 8 190.91729825723144
0 4 2 10 8 190.91729825723144
0 4 2 11 8 190.91729825723144
0 4 2 12 8 190.91729825723144
0 4 2 13 8 190.91729825723144
0 4 2 14 8 190.91729825723144
0 4 2 15 8 190.91729825723144
0 4 2 16 24 255.38271838238768
0 4 2 17 24 255.38271838238768
0 4 2 18 24 255.38271838238768
0 4 2 19 24 255.38271838238768
0 4 2 20 24 255.38271838238768
0 4 2 21 24 255.38271838238768
0 4 2 22 24 255.38271838238768
0 4 2 23 24 255.38271838238768
0 4 2 24 24 255.38271838238768
0 4 2 25 24 255.38271838238768
0 4 2 26 24 255.38271838238768
0 4 2 27 24 255.38271838238768
0 4 2 28 24 255.38271838238768
0 4 2 29 24 255.38271838238768
0 4 2 30 24 255.38271838238768
0 4 2 31 24 255.38271838238768
0 4 3 0 9 205.13887444706765
0 4 3 1 9 205.13887444706765
0 4 3 2 9 205.13887444706765
0 4 3 3 9 205.13887444706765
0 4 3 4 9 205.13887444706765
0 4 3 5 9 205.13887444706765
0 4 3 6 9 205.13887444706765
0 4 3 7 9 205.13887444706765
0 4 3 8 9 205.13887444706765
0 4 3 9 9 205.13887444706765
0 4 3 10 9 205.13887444706765
0 4 3 11 9 205.13887444706765
0 4 3 12 9 205.13887444706765
0 4 3 13 9 205.13887444706765
0 4 3 14 9 205.13887444706765
0 4 3 15 9 205.13887444706765
0 4 3 16 23 205.71967179592045
0 4 3 17 23 205.71967179592045
0 4 3 18 23 205.71967179592045
0 4 3 19 23 205.71967179592045
0 4 3 20 23 205.71967179592045
0 4 3 21 23 205.71967179592045
0 4 3 22 23 205.71967179592045
0 4 3 23 23 205.71967179592045
0 4 3 24 23 205.71967179592045
0 4 3 25 23 205.71967179592045
0 4 3 26 23 205.71967179592045
0 4 3 27 23 205.71967179592045
0 4 3 28 23 205.71967179592045
0 4 3 29 23 205.71967179592045
0 4 3 30 23 205.71967179592045
0 4 3 31 23 205.71967179592045
0 4 4 0 8 204.67851358112634
0 4 4 1 8 204.67851358112634
0 4 4 2 8 204.67851358112634
0 4 4 3 8 204.67851358112634
0 4 4 4 8 204.67851358112634
0 4 4 5 8 204.67851358112634
0 4 4 6 8 204.67851358112634
0 4 4 7 8 204.67851358112634
0 4 4 8 8 204.67851358112634
0 4 4 9 8 204.67851358112634
0 4 4 10 8 204.67851358112634
0 4 4 11 8 204.67851358112634
0 4 4 12 8 204.67851358112634
0 4 4 13 8 204.67851358112634
0 4 4 14 8 204.67851358112634
0 4 4 15 8 204.67851358112634
0 4 4 16 23 228.5136374854264
0 4 4 17 23 228.5136374854264
0 4 4 18 23 228.5136374854264
0 4 4 19 23 228.5136374854264
0 4 4 20 23 228.5136374854264
0 4 4 21 23 228.5136374854264
0 4 4 22 23 228.5136374854264
0 4 4 23 23 228.5136374854264
0 4 4 24 23 228.5136374854264
0 4 4 25 23 228.5136374854264
0 4 4 26 23 228.5136374854264
0 4 4 27 23 228.5136374854264
0 4 4 28 23 228.5136374854264
0 4 4 29 23 228.5136374854264
0 4 4 30 23 228.5136374854264
0 4 4 31 23 228.5136374854264
0 4 5 0 8 214.0754507820484
0 4 5 1 8 214.0754507820484
0 4 5 2 8 214.0754507820484
0 4 5 3 8 214.0754507820484
0 4 5 4 8 214.0754507820484
0 4 5 5 8 214.0754507820484
0 4 5 6 8 214.0754507820484
0 4 5 7 8 214.0754507820484
0 4 5 8 8 214.0754507820484
0 4 5 9 8 214.0754507820484
0 4 5 10 8 214.0754507820484
0 4 5 11 8 214.0754507820484
0 4 5 12 8 214.0754507820484
0 4 5 13 8 214.0754507820484
0 4 5 14 8 214.0754507820484
0 4 5 15 8 214.0754507820484
0 4 5 16 16 250.77596583537553
0 4 5 17 16 250.77596583537553
0 4 5 18 16 250.77596583537553
0 4 5 19 16 250.77596583537553
0 4 5 20 16 250.77596583537553
0 4 5 21 16 250.77596583537553
0 4 5 22 16 250.77596583537553
0 4 5 23 16 250.77596583537553
0 4 5 24 16 250.77596583537553
0 4 5 25 16 250.77596583537553
0 4 5 26 16 250.77596583537553
0 4 5 27 16 250.77596583537553
0 4 5 28 16 250.77596583537553
0 4 5 29 16 250.77596583537553
0 4 5 30 16 250.77596583537553
0 4 5 31 16 250.77596583537553
0 5 0 0 14 187.08209694613407
0 5 0 1 14 187.08209694613407
0 5 0 2 14 187.08209694613407
0 5 0 3 14 187.08209694613407
0 5 0 4 14 187.08209694613407
0 5 0 5 14 187.08209694613407
0 5 0 6 14 187.08209694613407
0 5 0 7 14 187.08209694613407
0 5 0 8 14 187.08209694613407
0 5 0 9 14 187.08209694613407
0 5 0 10 14 187.08209694613407
0 5 0 11 14 187.08209694613407
0 5 0 12 14 187.08209694613407
0 5 0 13 14 187.08209694613407
0 5 0 14 14 187.08209694613407
0 5 0 15 14 187.08209694613407
0 5 0 16 26 202.62072190429535
0 5 0 17 26 202.62072190429535
0 5 0 18 26 202.62072190429535
0 5 0 19 26 202.62072190429535
0 5 0 20 26 202.62072190429535
0 5 0 21 26 202.62072190429535
0 5 0 22 26 202.62072190429535
0 5 0 23 26 202.62072190429535
0 5 0 24 26 202.62072190429535
0 5 0 25 26 202.62072190429535
0 5 0 26 26 202.62072190429535
0 5 0 27 26 202.62072190429535
0 5 0 28 26 202.62072190429535
0 5 0 29 26 202.62072190429535
0 5 0 30 26 202.62072190429535
0 5 0 31 26 202.62072190429535
0 5 1 0 8 215.84673760289098
0 5 1 1 8 215.84673760289098
0 5 1 2 8 215.84673760289098
0 5 1 3 8 215.84673760289098
0 5 1 4 8 215.84673760289098
0 5 1 5 8 215.84673760289098
0 5 1 6 8 215.84673760289098
0 5 1 7 8 215.84673760289098
0 5 1 8 8 215.84673760289098
0 5 1 9 8 215.84673760289098
0 5 1 10 8 215.84673760289098
0 5 1 11 8 215.84673760289098
0 5 1 12 8 215.84673760289098
0 5 1 13 8 215.84673760289098
0 5 1 14 8 215.84673760289098
0 5 1 15 8 215.84673760289098
0 5 1 16 24 235.340383060182
0 5 1 17 24 235.340383060182
0 5 1 18 24 235.340383060182
0 5 1 19 24 235.340383060182
0 5 1 20 24 235.340383060182
0 5 1 21 24 235.340383060182
0 5 1 22 24 235.340383060182
0 5 1 23 24 235.340383060182
0 5 1 24 24 235.340383060182
0 5 1 25 24 235.340383060182
0 5 1 26 24 235.340383060182
0 5 1 27 24 235.340383060182
0 5 1 28 24 235.340383060182
0 5 1 29 24 235.340383060182
0 5 1 30 24 235.340383060182
0 5 1 31 24 235.340383060182
0 5 2 0 8 229.97578664620107
0 5 2 1 8 229.97578664620107
0 5 2 2 8 229.97578664620107
0 5 2 3 8 229.97578664620107
0 5 2 4 8 229.97578664620107
0 5 2 5 8 229.97578664620107
0 5 2 6 8 229.97578664620107
0 5 2 7 8 229.97578664620107
0 5 2 8 8 229.97578664620107
0 5 2 9 8 229.97578664620107
0 5 2 10 8 229.97578664620107
0 5 2 11 8 229.97578664620107
0 5 2 12 8 229.97578664620107
0 5 2 13 8 229.97578664620107
0 5 2 14 8 229.97578664620107
0 5 2 15 8 229.97578664620107
0 5 2 16 23 563.2469135802469
0 5 2 17 23 563.2469135802469
0 5 2 18 23 563.2469135802469
0 5 2 19 23 563.2469135802469
0 5 2 20 23 563.2469135802469
0 5 2 21 23 563.2469135802469
0 5 2 22 23 563.2469135802469
0 5 2 23 23 563.2469135802469
0 5 2 24 23 563.2469135802469
0 5 2 25 23 563.2469135802469
0 5 2 26 23 563.2469135802469
0 5 2 27 23 563.2469135802469
0 5 2 28 23 563.2469135802469
0 5 2 29 23 563.2469135802469
0 5 2 30 23 563.2469135802469
0 5 2 31 23 563.2469135802469
0 5 3 0 8 209.02701162728584
0 5 3 1 8 209.02701162728584
0 5 3 2 8 209.02701162728584
0 5 3 3 8 209.02701162728584
0 5 3 4 8 209.02701162728584
0 5 3 5 8 209.02701162728584
0 5 3 6 8 209.02701162728584
0 5 3 7 8 209.02701162728584
0 5 3 8 8 209.02701162728584
0 5 3 9 8 209.02701162728584
0 5 3 10 8 209.02701162728584
0 5 3 11 8 209.02701162728584
0 5 3 12 8 209.02701162728584
0 5 3 13 8 209.02701162728584
0 5 3 14 8 209.02701162728584
0 5 3 15 8 209.02701162728584
0 5 3 16 22 582.8494623655914
0 5 3 17 22 582.8494623655914
0 5 3 18 22 582.8494623655914
0 5 3 19 22 582.8494623655914
0 5 3 20 22 582.8494623655914
0 5 3 21 22 582.8494623655914
0 5 3 22 22 582.8494623655914
0 5 3 23 22 582.8494623655914
0 5 3 24 22 582.8494623655914
0 5 3 25 22 582.8494623655914
0 5 3 26 22 582.8494623655914
0 5 3 27 22 582.8494623655914
0 5 3 28 22 582.8494623655914
0 5 3 29 22 582.8494623655914
0 5 3 30 22 582.8494623655914
0 5 3 31 22 582.8494623655914
0 5 4 0 8 238.30112107320107
0 5 4 1 8 238.30112107320107
0 5 4 2 8 238.30112107320107
0 5 4 3 8 238.30112107320107
0 5 4 4 8 238.30112107320107
0 5 4 5 8 238.30112107320107
0 5 4 6 8 238.30112107320107
0 5 4 7 8 238.30112107320107
0 5 4 8 8 238.30112107320107
0 5 4 9 8 238.30112107320107
0 5 4 10 8 238.30112107320107
0 5 4 11 8 238.30112107320107
0 5 4 12 8 238.30112107320107
0 5 4 13 8 238.30112107320107
0 5 4 14 8 238.30112107320107
0 5 4 15 8 238.30112107320107
0 5 4 16 22 212.9620533551147
0 5 4 17 22 212.9620533551147
0 5 4 18 22 212.9620533551147
0 5 4 19 22 212.9620533551147
0 5 4 20 22 212.9620533551147
0 5 4 21 22 212.9620533551147
0 5 4 22 22 212.9620533551147
0 5 4 23 22 212.9620533551147
0 5 4 24 22 212.9620533551147
0 5 4 25 22 212.9620533551147
0 5 4 26 22 212.9620533551147
0 5 4 27 22 212.9620533551147
0 5 4 28 22 212.9620533551147
0 5 4 29 22 212.9620533551147
0 5 4 30 22 212.9620533551147
0 5 4 31 22 212.9620533551147
0 5 5 0 8 206.3589028438452
0 5 5 1 8 206.3589028438452
0 5 5 2 8 206.3589028438452
0 5 5 3 8 206.3589028438452
0 5 5 4 8 206.3589028438452
0 5 5 5 8 206.3589028438452
0 5 5 6 8 206.3589028438452
0 5 5 7 8 206.3589028438452
0 5 5 8 8 206.3589028438452
0 5 5 9 8 206.3589028438452
0 5 5 10 8 206.3589028438452
0 5 5 11 8 206.3589028438452
0 5 5 12 8 206.3589028438452
0 5 5 13 8 206.3589028438452
0 5 5 14 8 206.3589028438452
0 5 5 15 8 206.3589028438452
0 5 5 16 17 228.04833777074188
0 5 5 17 17 228.04833777074188
0 5 5 18 17 228.04833777074188
0 5 5 19 17 228.04833777074188
0 5 5 20 17 228.04833777074188
0 5 5 21 17 228.04833777074188
0 5 5 22 17 228.04833777074188
0 5 5 23 17 228.04833777074188
0 5 5 24 17 228.04833777074188
0 5 5 25 17 228.04833777074188
0 5 5 26 17 228.04833777074188
0 5 5 27 17 228.04833777074188
0 5 5 28 17 228.04833777074188
0 5 5 29 17 228.04833777074188
0 5 5 30 17 228.04833777074188
0 5 5 31 17 228.04833777074188
1 0 0 0 11 210.34907336558288
1 0 0 1 11 210.34907336558288
1 0 0 2 11 210.34907336558288
1 0 0 3 11 210.34907336558288
1 0 0 4 11 210.34907336558288
1 0 0 5 11 210.34907336558288
1 0 0 6 11 210.34907336558288
1 0 0 7 11 210.34907336558288
1 0 0 8 11 210.34907336558288
1 0 0 9 11 210.34907336558288
1 0 0 10 11 210.34907336558288
1 0 0 11 11 210.34907336558288
1 0 0 12 11 210.34907336558288
1 0 0 13 11 210.34907336558288
1 0 0 14 11 210.34907336558288
1 0 0 15 11 210.34907336558288
1 0 0 16 25 235.58593951745172
1 0 0 17 25 235.58593951745172
1 0 0 18 25 235.58593951745172
1 0 0 19 25 235.58593951745172
1 0 0 20 25 235.58593951745172
1 0 0 21 25 235.58593951745172
1 0 0 22 25 235.58593951745172
1 0 0 23 25 235.58593951745172
1 0 0 24 25 235.58593951745172
1 0 0 25 25 235.58593951745172
1 0 0 26 25 235.58593951745172
1 0 0 27 25 235.58593951745172
1 0 0 28 25 235.58593951745172
1 0 0 29 25 235.58593951745172
1 0 0 30 25 235.58593951745172
1 0 0 31 25 235.58593951745172
1 0 1 0 5 215.2392692332006
1 0 1 1 5 215.2392692332006
1 0 1 2 5 215.2392692332006
1 0 1 3 5 215.2392692332006
1 0 1 4 5 215.2392692332006
1 0 1 5 5 215.2392692332006
1 0 1 6 5 215.2392692332006
1 0 1 7 5 215.2392692332006
1 0 1 8 5 215.2392692332006
1 0 1 9 5 215.2392692332006
1 0 1 10 5 215.2392692332006
1 0 1 11 5 215.2392692332006
1 0 1 12 5 215.2392692332006
1 0 1 13 5 215.2392692332006
1 0 1 14 5 215.2392692332006
1 0 1 15 5 215.2392692332006
1 0 1 16 25 234.03576949730797
1 0 1 17 25 234.03576949730797
1 0 1 18 25 234.03576949730797
1 0 1 19 25 234.03576949730797
1 0 1 20 25 234.03576949730797
1 0 1 21 25 234.03576949730797
1 0 1 22 25 234.03576949730797
1 0 1 23 25 234.03576949730797
1 0 1 24 25 234.03576949730797
1 0 1 25 25 234.03576949730797
1 0 1 26 25 234.03576949730797
1 0 1 27 25 234.03576949730797
1 0 1 28 25 234.03576949730797
1 0 1 29 25 234.03576949730797
1 0 1 30 25 234.03576949730797
1 0 1 31 25 234.03576949730797
1 0 2 0 5 216.29725398012607
1 0 2 1 5 216.29725398012607
1 0 2 2 5 216.29725398012607
1 0 2 3 5 216.29725398012607
1 0 2 4 5 216.29725398012607
1 0 2 5 5 216.29725398012607
1 0 2 6 5 216.29725398012607
1 0 2 7 5 216.29725398012607
1 0 2 8 5 216.29725398012607
1 0 2 9 5 216.29725398012607
1 0 2 10 5 216.29725398012607
1 0 2 11 5 216.29725398012607
1 0 2 12 5 216.29725398012607
1 0 2 13 5 216.29725398012607
1 0 2 14 5 216.29725398012607
1 0 2 15 5 216.29725398012607
1 0 2 16 28 213.45441614738553
1 0 2 17 28 213.45441614738553
1 0 2 18 28 213.45441614738553
1 0 2 19 28 213.45441614738553
1 0 2 20 28 213.45441614738553
1 0 2 21 28 213.45441614738553
1 0 2 22 28 213.45441614738553
1 0 2 23 28 213.45441614738553
1 0 2 24 28 213.45441614738553
1 0 2 25 28 213.45441614738553
1 0 2 26 28 213.45441614738553
1 0 2 27 28 213.45441614738553
1 0 2 28 28 213.45441614738553
1 0 2 29 28 213.45441614738553
1 0 2 30 28 213.45441614738553
1 0 2 31 28 213.45441614738553
1 0 3 0 9 210.542275780324
1 0 3 1 9 210.542275780324
1 0 3 2 9 210.542275780324
1 0 3 3 9 210.542275780324
1 0 3 4 9 210.542275780324
1 0 3 5 9 210.542275780324
1 0 3 6 9 210.542275780324
1 0 3 7 9 210.542275780324
1 0 3 8 9 210.542275780324
1 0 3 9 9 210.542275780324
1 0 3 10 9 210.542275780324
1 0 3 11 9 210.542275780324
1 0 3 12 9 210.542275780324
1 0 3 13 9 210.542275780324
1 0 3 14 9 210.542275780324
1 0 3 15 9 210.542275780324
1 0 3 16 28 232.3909621937368
1 0 3 17 28 232.3909621937368
1 0 3 18 28 232.3909621937368
1 0 3 19 28 232.3909621937368
1 0 3 20 28 232.3909621937368
1 0 3 21 28 232.3909621937368
1 0 3 22 28 232.3909621937368
1 0 3 23 28 232.3909621937368
1 0 3 24 28 232.3909621937368
1 0 3 25 28 232.3909621937368
1 0 3 26 28 232.3909621937368
1 0 3 27 28 232.3909621937368
1 0 3 28 28 232.3909621937368
1 0 3 29 28 232.3909621937368
1 0 3 30 28 232.3909621937368
1 0 3 31 28 232.3909621937368
1 0 4 0 10 207.9984191285446
1 0 4 1 10 207.9984191285446
1 0 4 2 10 207.9984191285446
1 0 4 3 10 207.9984191285446
1 0 4 4 10 207.9984191285446
1 0 4 5 10 207.9984191285446
1 0 4 6 10 207.9984191285446
1 0 4 7 10 207.9984191285446
1 0 4 8 10 207.9984191285446
1 0 4 9 10 207.9984191285446
1 0 4 10 10 207.9984191285446
1 0 4 11 10 207.9984191285446
1 0 4 12 10 207.9984191285446
1 0 4 13 10 207.9984191285446
1 0 4 14 10 207.9984191285446
1 0 4 15 10 207.9984191285446
1 0 4 16 18 234.90612614652926
1 0 4 17 18 234.90612614652926
1 0 4 18 18 234.90612614652926
1 0 4 19 18 234.90612614652926
1 0 4 20 18 234.90612614652926
1 0 4 21 18 234.90612614652926
1 0 4 22 18 234.90612614652926
1 0 4 23 18 234.90612614652926
1 0 4 24 18 234.90612614652926
1 0 4 25 18 234.90612614652926
1 0 4 26 18 234.90612614652926
1 0 4 27 18 234.90612614652926
1 0 4 28 18 234.90612614652926
1 0 4 29 18 234.90612614652926
1 0 4 30 18 234.90612614652926
1 0 4 31 18 234.90612614652926
1 0 5 0 1 209.8464995269631
1 0 5 1 1 209.8464995269631
1 0 5 2 1 209.8464995269631
1 0 5 3 1 209.8464995269631
1 0 5 4 1 209.8464995269631
1 0 5 5 1 209.8464995269631
1 0 5 6 1 209.8464995269631
1 0 5 7 1 209.8464995269631
1 0 5 8 1 209.8464995269631
1 0 5 9 1 209.8464995269631
1 0 5 10 1 209.8464995269631
1 0 5 11 1 209.8464995269631
1 0 5 12 1 209.8464995269631
1 0 5 13 1 209.8464995269631
1 0 5 14 1 209.8464995269631
1 0 5 15 1 209.8464995269631
1 0 5 16 27 249.20539599651872
1 0 5 17 27 249.20539599651872
1 0 5 18 27 249.20539599651872
1 0 5 19 27 249.20539599651872
1 0 5 20 27 249.20539599651872
1 0 5 21 27 249.20539599651872
1 0 5 22 27 249.20539599651872
1 0 5 23 27 249.20539599651872
1 0 5 24 27 249.20539599651872
1 0 5 25 27 249.20539599651872
1 0 5 26 27 249.20539599651872
1 0 5 27 27 249.20539599651872
1 0 5 28 27 249.20539599651872
1 0 5 29 27 249.20539599651872
1 0 5 30 27 249.20539599651872
1 0 5 31 27 249.20539599651872
1 1 0 0 12 215.9319821418012
1 1 0 1 12 215.9319821418012
1 1 0 2 12 215.9319821418012
1 1 0 3 12 215.9319821418012
1 1 0 4 12 215.9319821418012
1 1 0 5 12 215.9319821418012
1 1 0 6 12 215.9319821418012
1 1 0 7 12 215.9319821418012
1 1 0 8 12 215.9319821418012
1 1 0 9 12 215.9319821418012
1 1 0 10 12 215.9319821418012
1 1 0 11 12 215.9319821418012
1 1 0 12 12 215.9319821418012
1 1 0 13 12 215.9319821418012
1 1 0 14 12 215.9319821418012
1 1 0 15 12 215.9319821418012
1 1 0 16 27 228.93289603472084
1 1 0 17 27 228.93289603472084
1 1 0 18 27 228.93289603472084
1 1 0 19 27 228.93289603472084
1 1 0 20 27 228.93289603472084
1 1 0 21 27 228.93289603472084
1 1 0 22 27 228.93289603472084
1 1 0 23 27 228.93289603472084
1 1 0 24 27 228.93289603472084
1 1 0 25 27 228.93289603472084
1 1 0 26 27 228.93289603472084
1 1 0 27 27 228.93289603472084
1 1 0 28 27 228.93289603472084
1 1 0 29 27 228.93289603472084
1 1 0 30 27 228.93289603472084
1 1 0 31 27 228.93289603472084
1 1 1 0 12 565.7029702970297
1 1 1 1 12 565.7029702970297
1 1 1 2 12 565.7029702970297
1 1 1 3 12 565.7029702970297
1 1 1 4 12 565.7029702970297
1 1 1 5 12 565.7029702970297
1 1 1 6 12 565.7029702970297
1 1 1 7 12 565.7029702970297
1 1 1 8 12 565.7029702970297
1 1 1 9 12 565.7029702970297
1 1 1 10 12 565.7029702970297
1 1 1 11 12 565.7029702970297
1 1 1 12 12 565.7029702970297
1 1 1 13 12 565.7029702970297
1 1 1 14 12 565.7029702970297
1 1 1 15 12 565.7029702970297
1 1 1 16 23 234.6690442905255
1 1 1 17 23 234.6690442905255
1 1 1 18 23 234.6690442905255
1 1 1 19 23 234.6690442905255
1 1 1 20 23 234.6690442905255
1 1 1 21 23 234.6690442905255
1 1 1 22 23 234.6690442905255
1 1 1 23 23 234.6690442905255
1 1 1 24 23 234.6690442905255
1 1 1 25 23 234.6690442905255
1 1 1 26 23 234.6690442905255
1 1 1 27 23 234.6690442905255
1 1 1 28 23 234.6690442905255
1 1 1 29 23 234.6690442905255
1 1 1 30 23 234.6690442905255
1 1 1 31 23 234.6690442905255
1 1 2 0 10 234.4320120837898
1 1 2 1 10 234.4320120837898
1 1 2 2 10 234.4320120837898
1 1 2 3 10 234.4320120837898
1 1 2 4 10 234.4320120837898
1 1 2 5 10 234.4320120837898
1 1 2 6 10 234.4320120837898
1 1 2 7 10 234.4320120837898
1 1 2 8 10 234.4320120837898
1 1 2 9 10 234.4320120837898
1 1 2 10 10 234.4320120837898
1 1 2 11 10 234.4320120837898
1 1 2 12 10 234.4320120837898
1 1 2 13 10 234.4320120837898
1 1 2 14 10 234.4320120837898
1 1 2 15 10 234.4320120837898
1 1 2 16 17 211.19972268630593
1 1 2 17 17 211.19972268630593
1 1 2 18 17 211.19972268630593
1 1 2 19 17 211.19972268630593
1 1 2 20 17 211.19972268630593
1 1 2 21 17 211.19972268630593
1 1 2 22 17 211.19972268630593
1 1 2 23 17 211.19972268630593
1 1 2 24 17 211.19972268630593
1 1 2 25 17 211.19972268630593
1 1 2 26 17 211.19972268630593
1 1 2 27 17 211.19972268630593
1 1 2 28 17 211.19972268630593
1 1 2 29 17 211.19972268630593
1 1 2 30 17 211.19972268630593
1 1 2 31 17 211.19972268630593
1 1 3 0 6 195.58245731752777
1 1 3 1 6 195.58245731752777
1 1 3 2 6 195.58245731752777
1 1 3 3 6 195.58245731752777
1 1 3 4 6 195.58245731752777
1 1 3 5 6 195.58245731752777
1 1 3 6 6 195.58245731752777
1 1 3 7 6 195.58245731752777
1 1 3 8 6 195.58245731752777
1 1 3 9 6 195.58245731752777
1 1 3 10 6 195.58245731752777
1 1 3 11 6 195.58245731752777
1 1 3 12 6 195.58245731752777
1 1 3 13 6 195.58245731752777
1 1 3 14 6 195.58245731752777
1 1 3 15 6 195.58245731752777
1 1 3 16 31 200.33001519149278
1 1 3 17 31 200.33001519149278
1 1 3 18 31 200.33001519149278
1 1 3 19 31 200.33001519149278
1 1 3 20 31 200.33001519149278
1 1 3 21 31 200.33001519149278
1 1 3 22 31 200.33001519149278
1 1 3 23 31 200.33001519149278
1 1 3 24 31 200.33001519149278
1 1 3 25 31 200.33001519149278
1 1 3 26 31 200.33001519149278
1 1 3 27 31 200.33001519149278
1 1 3 28 31 200.33001519149278
1 1 3 29 31 200.33001519149278
1 1 3 30 31 200.33001519149278
1 1 3 31 31 200.33001519149278
1 1 4 0 10 212.92623941958888
1 1 4 1 10 212.92623941958888
1 1 4 2 10 212.92623941958888
1 1 4 3 10 212.92623941958888
1 1 4 4 10 212.92623941958888
1 1 4 5 10 212.92623941958888
1 1 4 6 10 212.92623941958888
1 1 4 7 10 212.92623941958888
1 1 4 8 10 212.92623941958888
1 1 4 9 10 212.92623941958888
1 1 4 10 10 212.92623941958888
1 1 4 11 10 212.92623941958888
1 1 4 12 10 212.92623941958888
1 1 4 13 10 212.92623941958888
1 1 4 14 10 212.92623941958888
1 1 4 15 10 212.92623941958888
1 1 4 16 27 235.4230617522023
1 1 4 17 27 235.4230617522023
1 1 4 18 27 235.4230617522023
1 1 4 19 27 235.4230617522023
1 1 4 20 27 235.4230617522023
1 1 4 21 27 235.4230617522023
1 1 4 22 27 235.4230617522023
1 1 4 23 27 235.4230617522023
1 1 4 24 27 235.4230617522023
1 1 4 25 27 235.4230617522023
1 1 4 26 27 235.4230617522023
1 1 4 27 27 235.4230617522023
1 1 4 28 27 235.4230617522023
1 1 4 29 27 235.4230617522023
1 1 4 30 27 235.4230617522023
1 1 4 31 27 235.4230617522023
1 1 5 0 8 220.48622161751803
1 1 5 1 8 220.48622161751803
1 1 5 2 8 220.48622161751803
1 1 5 3 8 220.48622161751803
1 1 5 4 8 220.48622161751803
1 1 5 5 8 220.48622161751803
1 1 5 6 8 220.48622161751803
1 1 5 7 8 220.48622161751803
1 1 5 8 8 220.48622161751803
1 1 5 9 8 220.48622161751803
1 1 5 10 8 220.48622161751803
1 1 5 11 8 220.48622161751803
1 1 5 12 8 220.48622161751803
1 1 5 13 8 220.48622161751803
1 1 5 14 8 220.48622161751803
1 1 5 15 8 220.48622161751803
1 1 5 16 20 223.6519751535455
1 1 5 17 20 223.6519751535455
1 1 5 18 20 223.6519751535455
1 1 5 19 20 223.6519751535455
1 1 5 20 20 223.6519751535455
1 1 5 21 20 223.6519751535455
1 1 5 22 20 223.6519751535455
1 1 5 23 20 223.6519751535455
1 1 5 24 20 223.6519751535455
1 1 5 25 20 223.6519751535455
1 1 5 26 20 223.6519751535455
1 1 5 27 20 223.6519751535455
1 1 5 28 20 223.6519751535455
1 1 5 29 20 223.6519751535455
1 1 5 30 20 223.6519751535455
1 1 5 31 20 223.6519751535455
1 2 0 0 13 241.5174623087435
1 2 0 1 13 241.5174623087435
1 2 0 2 13 241.5174623087435
1 2 0 3 13 241.5174623087435
1 2 0 4 13 241.5174623087435
1 2 0 5 13 241.5174623087435
1 2 0 6 13 241.5174623087435
1 2 0 7 13 241.5174623087435
1 2 0 8 13 241.5174623087435
1 2 0 9 13 241.5174623087435
1 2 0 10 13 241.5174623087435
1 2 0 11 13 241.5174623087435
1 2 0 12 13 241.5174623087435
1 2 0 13 13 241.5174623087435
1 2 0 14 13 241.5174623087435
1 2 0 15 13 241.5174623087435
1 2 0 16 28 192.92973407461986
1 2 0 17 28 192.92973407461986
1 2 0 18 28 192.92973407461986
1 2 0 19 28 192.92973407461986
1 2 0 20 28 192.92973407461986
1 2 0 21 28 192.92973407461986
1 2 0 22 28 192.92973407461986
1 2 0 23 28 192.92973407461986
1 2 0 24 28 192.92973407461986
1 2 0 25 28 192.92973407461986
1 2 0 26 28 192.92973407461986
1 2 0 27 28 192.92973407461986
1 2 0 28 28 192.92973407461986
1 2 0 29 28 192.92973407461986
1 2 0 30 28 192.92973407461986
1 2 0 31 28 192.92973407461986
1 2 1 0 11 193.99554627400005
1 2 1 1 11 193.99554627400005
1 2 1 2 11 193.99554627400005
1 2 1 3 11 193.99554627400005
1 2 1 4 11 193.99554627400005
1 2 1 5 11 193.99554627400005
1 2 1 6 11 193.99554627400005
1 2 1 7 11 193.99554627400005
1 2 1 8 11 193.99554627400005
1 2 1 9 11 193.99554627400005
1 2 1 10 11 193.99554627400005
1 2 1 11 11 193.99554627400005
1 2 1 12 11 193.99554627400005
1 2 1 13 11 193.99554627400005
1 2 1 14 11 193.99554627400005
1 2 1 15 11 193.99554627400005
1 2 1 16 30 215.91477490953932
1 2 1 17 30 215.91477490953932
1 2 1 18 30 215.91477490953932
1 2 1 19 30 215.91477490953932
1 2 1 20 30 215.91477490953932
1 2 1 21 30 215.91477490953932
1 2 1 22 30 215.91477490953932
1 2 1 23 30 215.91477490953932
1 2 1 24 30 215.91477490953932
1 2 1 25 30 215.91477490953932
1 2 1 26 30 215.91477490953932
1 2 1 27 30 215.91477490953932
1 2 1 28 30 215.91477490953932
1 2 1 29 30 215.91477490953932
1 2 1 30 30 215.91477490953932
1 2 1 31 30 215.91477490953932
1 2 2 0 9 194.12862249457424
1 2 2 1 9 194.12862249457424
1 2 2 2 9 194.12862249457424
1 2 2 3 9 194.12862249457424
1 2 2 4 9 194.12862249457424
1 2 2 5 9 194.12862249457424
1 2 2 6 9 194.12862249457424
1 2 2 7 9 194.12862249457424
1 2 2 8 9 194.12862249457424
1 2 2 9 9 194.12862249457424
1 2 2 10 9 194.12862249457424
1 2 2 11 9 194.12862249457424
1 2 2 12 9 194.12862249457424
1 2 2 13 9 194.12862249457424
1 2 2 14 9 194.12862249457424
1 2 2 15 9 194.12862249457424
1 2 2 16 24 211.97132564725894
1 2 2 17 24 211.97132564725894
1 2 2 18 24 211.97132564725894
1 2 2 19 24 211.97132564725894
1 2 2 20 24 211.97132564725894
1 2 2 21 24 211.97132564725894
1 2 2 22 24 211.97132564725894
1 2 2 23 24 211.97132564725894
1 2 2 24 24 211.97132564725894
1 2 2 25 24 211.97132564725894
1 2 2 26 24 211.97132564725894
1 2 2 27 24 211.97132564725894
1 2 2 28 24 211.97132564725894
1 2 2 29 24 211.97132564725894
1 2 2 30 24 211.97132564725894
1 2 2 31 24 211.97132564725894
1 2 3 0 7 214.4182447787036
1 2 3 1 7 214.4182447787036
1 2 3 2 7 214.4182447787036
1 2 3 3 7 214.4182447787036
1 2 3 4 7 214.4182447787036
1 2 3 5 7 214.4182447787036
1 2 3 6 7 214.4182447787036
1 2 3 7 7 214.4182447787036
1 2 3 8 7 214.4182447787036
1 2 3 9 7 214.4182447787036
1 2 3 10 7 214.4182447787036
1 2 3 11 7 214.4182447787036
1 2 3 12 7 214.4182447787036
1 2 3 13 7 214.4182447787036
1 2 3 14 7 214.4182447787036
1 2 3 15 7 214.4182447787036
1 2 3 16 29 205.32412796452468
1 2 3 17 29 205.32412796452468
1 2 3 18 29 205.32412796452468
1 2 3 19 29 205.32412796452468
1 2 3 20 29 205.32412796452468
1 2 3 21 29 205.32412796452468
1 2 3 22 29 205.32412796452468
1 2 3 23 29 205.32412796452468
1 2 3 24 29 205.32412796452468
1 2 3 25 29 205.32412796452468
1 2 3 26 29 205.32412796452468
1 2 3 27 29 205.32412796452468
1 2 3 28 29 205.32412796452468
1 2 3 29 29 205.32412796452468
1 2 3 30 29 205.32412796452468
1 2 3 31 29 205.32412796452468
1 2 4 0 2 221.92088363729772
1 2 4 1 2 221.92088363729772
1 2 4 2 2 221.92088363729772
1 2 4 3 2 221.92088363729772
1 2 4 4 2 221.92088363729772
1 2 4 5 2 221.92088363729772
1 2 4 6 2 221.92088363729772
1 2 4 7 2 221.92088363729772
1 2 4 8 2 221.92088363729772
1 2 4 9 2 221.92088363729772
1 2 4 10 2 221.92088363729772
1 2 4 11 2 221.92088363729772
1 2 4 12 2 221.92088363729772
1 2 4 13 2 221.92088363729772
1 2 4 14 2 221.92088363729772
1 2 4 15 2 221.92088363729772
1 2 4 16 21 234.5454980384652
1 2 4 17 21 234.5454980384652
1 2 4 18 21 234.5454980384652
1 2 4 19 21 234.5454980384652
1 2 4 20 21 234.5454980384652
1 2 4 21 21 234.5454980384652
1 2 4 22 21 234.5454980384652
1 2 4 23 21 234.5454980384652
1 2 4 24 21 234.5454980384652
1 2 4 25 21 234.5454980384652
1 2 4 26 21 234.5454980384652
1 2 4 27 21 234.5454980384652
1 2 4 28 21 234.5454980384652
1 2 4 29 21 234.5454980384652
1 2 4 30 21 234.5454980384652
1 2 4 31 21 234.5454980384652
1 2 5 0 15 203.75880400269412
1 2 5 1 15 203.75880400269412
1 2 5 2 15 203.75880400269412
1 2 5 3 15 203.75880400269412
1 2 5 4 15 203.75880400269412
1 2 5 5 15 203.75880400269412
1 2 5 6 15 203.75880400269412
1 2 5 7 15 203.75880400269412
1 2 5 8 15 203.75880400269412
1 2 5 9 15 203.75880400269412
1 2 5 10 15 203.75880400269412
1 2 5 11 15 203.75880400269412
1 2 5 12 15 203.75880400269412
1 2 5 13 15 203.75880400269412
1 2 5 14 15 203.75880400269412
1 2 5 15 15 203.75880400269412
1 2 5 16 28 220.08404333455746
1 2 5 17 28 220.08404333455746
1 2 5 18 28 220.08404333455746
1 2 5 19 28 220.08404333455746
1 2 5 20 28 220.08404333455746
1 2 5 21 28 220.08404333455746
1 2 5 22 28 220.08404333455746
1 2 5 23 28 220.08404333455746
1 2 5 24 28 220.08404333455746
1 2 5 25 28 220.08404333455746
1 2 5 26 28 220.08404333455746
1 2 5 27 28 220.08404333455746
1 2 5 28 28 220.08404333455746
1 2 5 29 28 220.08404333455746
1 2 5 30 28 220.08404333455746
1 2 5 31 28 220.08404333455746
1 4 0 0 3 191.86025547556122
1 4 0 1 3 191.86025547556122
1 4 0 2 3 191.86025547556122
1 4 0 3 3 191.86025547556122
1 4 0 4 3 191.86025547556122
1 4 0 5 3 191.86025547556122
1 4 0 6 3 191.86025547556122
1 4 0 7 3 191.86025547556122
1 4 0 8 3 191.86025547556122
1 4 0 9 3 191.86025547556122
1 4 0 10 3 191.86025547556122
1 4 0 11 3 191.86025547556122
1 4 0 12 3 191.86025547556122
1 4 0 13 3 191.86025547556122
1 4 0 14 3 191.86025547556122
1 4 0 15 3 191.86025547556122
1 4 0 16 25 214.06529733255365
1 4 0 17 25 214.06529733255365
1 4 0 18 25 214.06529733255365
1 4 0 19 25 214.06529733255365
1 4 0 20 25 214.06529733255365
1 4 0 21 25 214.06529733255365
1 4 0 22 25 214.06529733255365
1 4 0 23 25 214.06529733255365
1 4 0 24 25 214.06529733255365
1 4 0 25 25 214.06529733255365
1 4 0 26 25 214.06529733255365
1 4 0 27 25 214.06529733255365
1 4 0 28 25 214.06529733255365
1 4 0 29 25 214.06529733255365
1 4 0 30 25 214.06529733255365
1 4 0 31 25 214.06529733255365
1 4 1 0 1 203.53784756051863
1 4 1 1 1 203.53784756051863
1 4 1 2 1 203.53784756051863
1 4 1 3 1 203.53784756051863
1 4 1 4 1 203.53784756051863
1 4 1 5 1 203.53784756051863
1 4 1 6 1 203.53784756051863
1 4 1 7 1 203.53784756051863
1 4 1 8 1 203.53784756051863
1 4 1 9 1 203.53784756051863
1 4 1 10 1 203.53784756051863
1 4 1 11 1 203.53784756051863
1 4 1 12 1 203.53784756051863
1 4 1 13 1 203.53784756051863
1 4 1 14 1 203.53784756051863
1 4 1 15 1 203.53784756051863
1 4 1 16 29 237.34104233472613
1 4 1 17 29 237.34104233472613
1 4 1 18 29 237.34104233472613
1 4 1 19 29 237.34104233472613
1 4 1 20 29 237.34104233472613
1 4 1 21 29 237.34104233472613
1 4 1 22 29 237.34104233472613
1 4 1 23 29 237.34104233472613
1 4 1 24 29 237.34104233472613
1 4 1 25 29 237.34104233472613
1 4 1 26 29 237.34104233472613
1 4 1 27 29 237.34104233472613
1 4 1 28 29 237.34104233472613
1 4 1 29 29 237.34104233472613
1 4 1 30 29 237.34104233472613
1 4 1 31 29 237.34104233472613
1 4 2 0 12 218.93967722653915
1 4 2 1 12 218.93967722653915
1 4 2 2 12 218.93967722653915
1 4 2 3 12 218.93967722653915
1 4 2 4 12 218.93967722653915
1 4 2 5 12 218.93967722653915
1 4 2 6 12 218.93967722653915
1 4 2 7 12 218.93967722653915
1 4 2 8 12 218.93967722653915
1 4 2 9 12 218.93967722653915
1 4 2 10 12 218.93967722653915
1 4 2 11 12 218.93967722653915
1 4 2 12 12 218.93967722653915
1 4 2 13 12 218.93967722653915
1 4 2 14 12 218.93967722653915
1 4 2 15 12 218.93967722653915
1 4 2 16 24 264.07799552808103
1 4 2 17 24 264.07799552808103
1 4 2 18 24 264.07799552808103
1 4 2 19 24 264.07799552808103
1 4 2 20 24 264.07799552808103
1 4 2 21 24 264.07799552808103
1 4 2 22 24 264.07799552808103
1 4 2 23 24 264.07799552808103
1 4 2 24 24 264.07799552808103
1 4 2 25 24 264.07799552808103
1 4 2 26 24 264.07799552808103
1 4 2 27 24 264.07799552808103
1 4 2 28 24 264.07799552808103
1 4 2 29 24 264.07799552808103
1 4 2 30 24 264.07799552808103
1 4 2 31 24 264.07799552808103
1 4 3 0 11 192.60376922854917
1 4 3 1 11 192.60376922854917
1 4 3 2 11 192.60376922854917
1 4 3 3 11 192.60376922854917
1 4 3 4 11 192.60376922854917
1 4 3 5 11 192.60376922854917
1 4 3 6 11 192.60376922854917
1 4 3 7 11 192.60376922854917
1 4 3 8 11 192.60376922854917
1 4 3 9 11 192.60376922854917
1 4 3 10 11 192.60376922854917
1 4 3 11 11 192.60376922854917
1 4 3 12 11 192.60376922854917
1 4 3 13 11 192.60376922854917
1 4 3 14 11 192.60376922854917
1 4 3 15 11 192.60376922854917
1 4 3 16 21 217.44390503271146
1 4 3 17 21 217.44390503271146
1 4 3 18 21 217.44390503271146
1 4 3 19 21 217.44390503271146
1 4 3 20 21 217.44390503271146
1 4 3 21 21 217.44390503271146
1 4 3 22 21 217.44390503271146
1 4 3 23 21 217.44390503271146
1 4 3 24 21 217.44390503271146
1 4 3 25 21 217.44390503271146
1 4 3 26 21 217.44390503271146
1 4 3 27 21 217.44390503271146
1 4 3 28 21 217.44390503271146
1 4 3 29 21 217.44390503271146
1 4 3 30 21 217.44390503271146
1 4 3 31 21 217.44390503271146
1 4 4 0 14 192.45751168236677
1 4 4 1 14 192.45751168236677
1 4 4 2 14 192.45751168236677
1 4 4 3 14 192.45751168236677
1 4 4 4 14 192.45751168236677
1 4 4 5 14 192.45751168236677
1 4 4 6 14 192.45751168236677
1 4 4 7 14 192.45751168236677
1 4 4 8 14 192.45751168236677
1 4 4 9 14 192.45751168236677
1 4 4 10 14 192.45751168236677
1 4 4 11 14 192.45751168236677
1 4 4 12 14 192.45751168236677
1 4 4 13 14 192.45751168236677
1 4 4 14 14 192.45751168236677
1 4 4 15 14 192.45751168236677
1 4 4 16 24 448.01724137931035
1 4 4 17 24 448.01724137931035
1 4 4 18 24 448.01724137931035
1 4 4 19 24 448.01724137931035
1 4 4 20 24 448.01724137931035
1 4 4 21 24 448.01724137931035
1 4 4 22 24 448.01724137931035
1 4 4 23 24 448.01724137931035
1 4 4 24 24 448.01724137931035
1 4 4 25 24 448.01724137931035
1 4 4 26 24 448.01724137931035
1 4 4 27 24 448.01724137931035
1 4 4 28 24 448.01724137931035
1 4 4 29 24 448.01724137931035
1 4 4 30 24 448.01724137931035
1 4 4 31 24 448.01724137931035
1 4 5 0 8 258.34590385087074
1 4 5 1 8 258.34590385087074
1 4 5 2 8 258.34590385087074
1 4 5 3 8 258.34590385087074
1 4 5 4 8 258.34590385087074
1 4 5 5 8 258.34590385087074
1 4 5 6 8 258.34590385087074
1 4 5 7 8 258.34590385087074
1 4 5 8 8 258.34590385087074
1 4 5 9 8 258.34590385087074
1 4 5 10 8 258.34590385087074
1 4 5 11 8 258.34590385087074
1 4 5 12 8 258.34590385087074
1 4 5 13 8 258.34590385087074
1 4 5 14 8 258.34590385087074
1 4 5 15 8 258.34590385087074
1 4 5 16 21 279.9875947434429
1 4 5 17 21 279.9875947434429
1 4 5 18 21 279.9875947434429
1 4 5 19 21 279.9875947434429
1 4 5 20 21 279.9875947434429
1 4 5 21 21 279.9875947434429
1 4 5 22 21 279.9875947434429
1 4 5 23 21 279.9875947434429
1 4 5 24 21 279.9875947434429
1 4 5 25 21 279.9875947434429
1 4 5 26 21 279.9875947434429
1 4 5 27 21 279.9875947434429
1 4 5 28 21 279.9875947434429
1 4 5 29 21 279.9875947434429
1 4 5 30 21 279.9875947434429
1 4 5 31 21 279.9875947434429
1 5 0 0 12 237.16028036221738
1 5 0 1 12 237.16028036221738
1 5 0 2 12 237.16028036221738
1 5 0 3 12 237.16028036221738
1 5 0 4 12 237.16028036221738
1 5 0 5 12 237.16028036221738
1 5 0 6 12 237.16028036221738
1 5 0 7 12 237.16028036221738
1 5 0 8 12 237.16028036221738
1 5 0 9 12 237.16028036221738
1 5 0 10 12 237.16028036221738
1 5 0 11 12 237.16028036221738
1 5 0 12 12 237.16028036221738
1 5 0 13 12 237.16028036221738
1 5 0 14 12 237.16028036221738
1 5 0 15 12 237.16028036221738
1 5 0 16 27 215.57055554394836
1 5 0 17 27 215.57055554394836
1 5 0 18 27 215.57055554394836
1 5 0 19 27 215.57055554394836
1 5 0 20 27 215.57055554394836
1 5 0 21 27 215.57055554394836
1 5 0 22 27 215.57055554394836
1 5 0 23 27 215.57055554394836
1 5 0 24 27 215.57055554394836
1 5 0 25 27 215.57055554394836
1 5 0 26 27 215.57055554394836
1 5 0 27 27 215.57055554394836
1 5 0 28 27 215.57055554394836
1 5 0 29 27 215.57055554394836
1 5 0 30 27 215.57055554394836
1 5 0 31 27 215.57055554394836
1 5 1 0 1 268.8656743844175
1 5 1 1 1 268.8656743844175
1 5 1 2 1 268.8656743844175
1 5 1 3 1 268.8656743844175
1 5 1 4 1 268.8656743844175
1 5 1 5 1 268.8656743844175
1 5 1 6 1 268.8656743844175
1 5 1 7 1 268.8656743844175
1 5 1 8 1 268.8656743844175
1 5 1 9 1 268.8656743844175
1 5 1 10 1 268.8656743844175
1 5 1 11 1 268.8656743844175
1 5 1 12 1 268.8656743844175
1 5 1 13 1 268.8656743844175
1 5 1 14 1 268.8656743844175
1 5 1 15 1 268.8656743844175
1 5 1 16 20 261.3054555841188
1 5 1 17 20 261.3054555841188
1 5 1 18 20 261.3054555841188
1 5 1 19 20 261.3054555841188
1 5 1 20 20 261.3054555841188
1 5 1 21 20 261.3054555841188
1 5 1 22 20 261.3054555841188
1 5 1 23 20 261.3054555841188
1 5 1 24 20 261.3054555841188
1 5 1 25 20 261.3054555841188
1 5 1 26 20 261.3054555841188
1 5 1 27 20 261.3054555841188
1 5 1 28 20 261.3054555841188
1 5 1 29 20 261.3054555841188
1 5 1 30 20 261.3054555841188
1 5 1 31 20 261.3054555841188
1 5 2 0 3 226.46926364234056
1 5 2 1 3 226.46926364234056
1 5 2 2 3 226.46926364234056
1 5 2 3 3 226.46926364234056
1 5 2 4 3 226.46926364234056
1 5 2 5 3 226.46926364234056
1 5 2 6 3 226.46926364234056
1 5 2 7 3 226.46926364234056
1 5 2 8 3 226.46926364234056
1 5 2 9 3 226.46926364234056
1 5 2 10 3 226.46926364234056
1 5 2 11 3 226.46926364234056
1 5 2 12 3 226.46926364234056
1 5 2 13 3 226.46926364234056
1 5 2 14 3 226.46926364234056
1 5 2 15 3 226.46926364234056
1 5 2 16 19 197.71824603631416
1 5 2 17 19 197.71824603631416
1 5 2 18 19 197.71824603631416
1 5 2 19 19 197.71824603631416
1 5 2 20 19 197.71824603631416
1 5 2 21 19 197.71824603631416
1 5 2 22 19 197.71824603631416
1 5 2 23 19 197.71824603631416
1 5 2 24 19 197.71824603631416
1 5 2 25 19 197.71824603631416
1 5 2 26 19 197.71824603631416
1 5 2 27 19 197.71824603631416
1 5 2 28 19 197.71824603631416
1 5 2 29 19 197.71824603631416
1 5 2 30 19 197.71824603631416
1 5 2 31 19 197.71824603631416
1 5 3 0 11 212.81833026973882
1 5 3 1 11 212.81833026973882
1 5 3 2 11 212.81833026973882
1 5 3 3 11 212.81833026973882
1 5 3 4 11 212.81833026973882
1 5 3 5 11 212.81833026973882
1 5 3 6 11 212.81833026973882
1 5 3 7 11 212.81833026973882
1 5 3 8 11 212.81833026973882
1 5 3 9 11 212.81833026973882
1 5 3 10 11 212.81833026973882
1 5 3 11 11 212.81833026973882
1 5 3 12 11 212.81833026973882
1 5 3 13 11 212.81833026973882
1 5 3 14 11 212.81833026973882
1 5 3 15 11 212.81833026973882
1 5 3 16 23 221.00667891742194
1 5 3 17 23 221.00667891742194
1 5 3 18 23 221.00667891742194
1 5 3 19 23 221.00667891742194
1 5 3 20 23 221.00667891742194
1 5 3 21 23 221.00667891742194
1 5 3 22 23 221.00667891742194
1 5 3 23 23 221.00667891742194
1 5 3 24 23 221.00667891742194
1 5 3 25 23 221.00667891742194
1 5 3 26 23 221.00667891742194
1 5 3 27 23 221.00667891742194
1 5 3 28 23 221.00667891742194
1 5 3 29 23 221.00667891742194
1 5 3 30 23 221.00667891742194
1 5 3 31 23 221.00667891742194
1 5 4 0 11 194.50755713191728
1 5 4 1 11 194.50755713191728
1 5 4 2 11 194.50755713191728
1 5 4 3 11 194.50755713191728
1 5 4 4 11 194.50755713191728
1 5 4 5 11 194.50755713191728
1 5 4 6 11 194.50755713191728
1 5 4 7 11 194.50755713191728
1 5 4 8 11 194.50755713191728
1 5 4 9 11 194.50755713191728
1 5 4 10 11 194.50755713191728
1 5 4 11 11 194.50755713191728
1 5 4 12 11 194.50755713191728
1 5 4 13 11 194.50755713191728
1 5 4 14 11 194.50755713191728
1 5 4 15 11 194.50755713191728
1 5 4 16 23 206.0894171088852
1 5 4 17 23 206.0894171088852
1 5 4 18 23 206.0894171088852
1 5 4 19 23 206.0894171088852
1 5 4 20 23 206.0894171088852
1 5 4 21 23 206.0894171088852
1 5 4 22 23 206.0894171088852
1 5 4 23 23 206.0894171088852
1 5 4 24 23 206.0894171088852
1 5 4 25 23 206.0894171088852
1 5 4 26 23 206.0894171088852
1 5 4 27 23 206.0894171088852
1 5 4 28 23 206.0894171088852
1 5 4 29 23 206.0894171088852
1 5 4 30 23 206.0894171088852
1 5 4 31 23 206.0894171088852
1 5 5 0 11 181.97304983084643
1 5 5 1 11 181.97304983084643
1 5 5 2 11 181.97304983084643
1 5 5 3 11 181.97304983084643
1 5 5 4 11 181.97304983084643
1 5 5 5 11 181.97304983084643
1 5 5 6 11 181.97304983084643
1 5 5 7 11 181.97304983084643
1 5 5 8 11 181.97304983084643
1 5 5 9 11 181.97304983084643
1 5 5 10 11 181.97304983084643
1 5 5 11 11 181.97304983084643
1 5 5 12 11 181.97304983084643
1 5 5 13 11 181.97304983084643
1 5 5 14 11 181.97304983084643
1 5 5 15 11 181.97304983084643
1 5 5 16 23 189.59226213004314
1 5 5 17 23 189.59226213004314
1 5 5 18 23 189.59226213004314
1 5 5 19 23 189.59226213004314
1 5 5 20 23 189.59226213004314
1 5 5 21 23 189.59226213004314
1 5 5 22 23 189.59226213004314
1 5 5 23 23 189.59226213004314
1 5 5 24 23 189.59226213004314
1 5 5 25 23 189.59226213004314
1 5 5 26 23 189.59226213004314
1 5 5 27 23 189.59226213004314
1 5 5 28 23 189.59226213004314
1 5 5 29 23 189.59226213004314
1 5 5 30 23 189.59226213004314
1 5 5 31 23 189.59226213004314
