0 0 0 0 8 207.64420798727238
0 0 0 1 8 207.64420798727238
0 0 0 2 8 207.64420798727238
0 0 0 3 8 207.64420798727238
0 0 0 4 8 207.64420798727238
0 0 0 5 8 207.64420798727238
0 0 0 6 8 207.64420798727238
0 0 0 7 8 207.64420798727238
0 0 0 8 8 207.64420798727238
0 0 0 9 8 207.64420798727238
0 0 0 10 8 207.64420798727238
0 0 0 11 8 207.64420798727238
0 0 0 12 8 207.64420798727238
0 0 0 13 8 207.64420798727238
0 0 0 14 8 207.64420798727238
0 0 0 15 8 207.64420798727238
0 0 0 16 24 233.16873040235782
0 0 0 17 24 233.16873040235782
0 0 0 18 24 233.16873040235782
0 0 0 19 24 233.16873040235782
0 0 0 20 24 233.16873040235782
0 0 0 21 24 233.16873040235782
0 0 0 22 24 233.16873040235782
0 0 0 23 24 233.16873040235782
0 0 0 24 24 233.16873040235782
0 0 0 25 24 233.16873040235782
0 0 0 26 24 233.16873040235782
0 0 0 27 24 233.16873040235782
0 0 0 28 24 233.16873040235782
0 0 0 29 24 233.16873040235782
0 0 0 30 24 233.16873040235782
0 0 0 31 24 233.16873040235782
0 0 1 0 13 204.82148694755216
0 0 1 1 13 204.82148694755216
0 0 1 2 13 204.82148694755216
0 0 1 3 13 204.82148694755216
0 0 1 4 13 204.82148694755216
0 0 1 5 13 204.82148694755216
0 0 1 6 13 204.82148694755216
0 0 1 7 13 204.82148694755216
0 0 1 8 13 204.82148694755216
0 0 1 9 13 204.82148694755216
0 0 1 10 13 204.82148694755216
0 0 1 11 13 204.82148694755216
0 0 1 12 13 204.82148694755216
0 0 1 13 13 204.82148694755216
0 0 1 14 13 204.82148694755216
0 0 1 15 13 204.82148694755216
0 0 1 16 25 198.2325581395349
0 0 1 17 25 198.2325581395349
0 0 1 18 25 198.2325581395349
0 0 1 19 25 198.2325581395349
0 0 1 20 25 198.2325581395349
0 0 1 21 25 198.2325581395349
0 0 1 22 25 198.2325581395349
0 0 1 23 25 198.2325581395349
0 0 1 24 25 198.2325581395349
0 0 1 25 25 198.2325581395349
0 0 1 26 25 198.2325581395349
0 0 1 27 25 198.2325581395349
0 0 1 28 25 198.2325581395349
0 0 1 29 25 198.2325581395349
0 0 1 30 25 198.2325581395349
0 0 1 31 25 198.2325581395349
0 0 2 0 9 184.9818418387094
0 0 2 1 9 184.9818418387094
0 0 2 2 9 184.9818418387094
0 0 2 3 9 184.9818418387094
0 0 2 4 9 184.9818418387094
0 0 2 5 9 184.9818418387094
0 0 2 6 9 184.9818418387094
0 0 2 7 9 184.9818418387094
0 0 2 8 9 184.9818418387094
0 0 2 9 9 184.9818418387094
0 0 2 10 9 184.9818418387094
0 0 2 11 9 184.9818418387094
0 0 2 12 9 184.9818418387094
0 0 2 13 9 184.9818418387094
0 0 2 14 9 184.9818418387094
0 0 2 15 9 184.9818418387094
0 0 2 16 23 207.78241142173718
0 0 2 17 23 207.78241142173718
0 0 2 18 23 207.78241142173718
0 0 2 19 23 207.78241142173718
0 0 2 20 23 207.78241142173718
0 0 2 21 23 207.78241142173718
0 0 2 22 23 207.78241142173718
0 0 2 23 23 207.78241142173718
0 0 2 24 23 207.78241142173718
0 0 2 25 23 207.78241142173718
0 0 2 26 23 207.78241142173718
0 0 2 27 23 207.78241142173718
0 0 2 28 23 207.78241142173718
0 0 2 29 23 207.78241142173718
0 0 2 30 23 207.78241142173718
0 0 2 31 23 207.78241142173718
0 0 3 0 8 239.14730023336284
0 0 3 1 8 239.14730023336284
0 0 3 2 8 239.14730023336284
0 0 3 3 8 239.14730023336284
0 0 3 4 8 239.14730023336284
0 0 3 5 8 239.14730023336284
0 0 3 6 8 239.14730023336284
0 0 3 7 8 239.14730023336284
0 0 3 8 8 239.14730023336284
0 0 3 9 8 239.14730023336284
0 0 3 10 8 239.14730023336284
0 0 3 11 8 239.14730023336284
0 0 3 12 8 239.14730023336284
0 0 3 13 8 239.14730023336284
0 0 3 14 8 239.14730023336284
0 0 3 15 8 239.14730023336284
0 0 3 16 30 285.4950662812718
0 0 3 17 30 285.4950662812718
0 0 3 18 30 285.4950662812718
0 0 3 19 30 285.4950662812718
0 0 3 20 30 285.4950662812718
0 0 3 21 30 285.4950662812718
0 0 3 22 30 285.4950662812718
0 0 3 23 30 285.4950662812718
0 0 3 24 30 285.4950662812718
0 0 3 25 30 285.4950662812718
0 0 3 26 30 285.4950662812718
0 0 3 27 30 285.4950662812718
0 0 3 28 30 285.4950662812718
0 0 3 29 30 285.4950662812718
0 0 3 30 30 285.4950662812718
0 0 3 31 30 285.4950662812718
0 0 4 0 9 213.2297732312755
0 0 4 1 9 213.2297732312755
0 0 4 2 9 213.2297732312755
0 0 4 3 9 213.2297732312755
0 0 4 4 9 213.2297732312755
0 0 4 5 9 213.2297732312755
0 0 4 6 9 213.2297732312755
0 0 4 7 9 213.2297732312755
0 0 4 8 9 213.2297732312755
0 0 4 9 9 213.2297732312755
0 0 4 10 9 213.2297732312755
0 0 4 11 9 213.2297732312755
0 0 4 12 9 213.2297732312755
0 0 4 13 9 213.2297732312755
0 0 4 14 9 213.2297732312755
0 0 4 15 9 213.2297732312755
0 0 4 16 19 228.51154675151392
0 0 4 17 19 228.51154675151392
0 0 4 18 19 228.51154675151392
0 0 4 19 19 228.51154675151392
0 0 4 20 19 228.51154675151392
0 0 4 21 19 228.51154675151392
0 0 4 22 19 228.51154675151392
0 0 4 23 19 228.51154675151392
0 0 4 24 19 228.51154675151392
0 0 4 25 19 228.51154675151392
0 0 4 26 19 228.51154675151392
0 0 4 27 19 228.51154675151392
0 0 4 28 19 228.51154675151392
0 0 4 29 19 228.51154675151392
0 0 4 30 19 228.51154675151392
0 0 4 31 19 228.51154675151392
0 0 5 0 10 248.47823143269258
0 0 5 1 10 248.47823143269258
0 0 5 2 10 248.47823143269258
0 0 5 3 10 248.47823143269258
0 0 5 4 10 248.47823143269258
0 0 5 5 10 248.47823143269258
0 0 5 6 10 248.47823143269258
0 0 5 7 10 248.47823143269258
0 0 5 8 10 248.47823143269258
0 0 5 9 10 248.47823143269258
0 0 5 10 10 248.47823143269258
0 0 5 11 10 248.47823143269258
0 0 5 12 10 248.47823143269258
0 0 5 13 10 248.47823143269258
0 0 5 14 10 248.47823143269258
0 0 5 15 10 248.47823143269258
0 0 5 16 17 202.87379240620086
0 0 5 17 17 202.87379240620086
0 0 5 18 17 202.87379240620086
0 0 5 19 17 202.87379240620086
0 0 5 20 17 202.87379240620086
0 0 5 21 17 202.87379240620086
0 0 5 22 17 202.87379240620086
0 0 5 23 17 202.87379240620086
0 0 5 24 17 202.87379240620086
0 0 5 25 17 202.87379240620086
0 0 5 26 17 202.87379240620086
0 0 5 27 17 202.87379240620086
0 0 5 28 17 202.87379240620086
0 0 5 29 17 202.87379240620086
0 0 5 30 17 202.87379240620086
0 0 5 31 17 202.87379240620086
0 1 0 0 12 182.43434782608696
0 1 0 1 12 182.43434782608696
0 1 0 2 12 182.43434782608696
0 1 0 3 12 182.43434782608696
0 1 0 4 12 182.43434782608696
0 1 0 5 12 182.43434782608696
0 1 0 6 12 182.43434782608696
0 1 0 7 12 182.43434782608696
0 1 0 8 12 182.43434782608696
0 1 0 9 12 182.43434782608696
0 1 0 10 12 182.43434782608696
0 1 0 11 12 182.43434782608696
0 1 0 12 12 182.43434782608696
0 1 0 13 12 182.43434782608696
0 1 0 14 12 182.43434782608696
0 1 0 15 12 182.43434782608696
0 1 0 16 18 221.34141005816053
0 1 0 17 18 221.34141005816053
0 1 0 18 18 221.34141005816053
0 1 0 19 18 221.34141005816053
0 1 0 20 18 221.34141005816053
0 1 0 21 18 221.34141005816053
0 1 0 22 18 221.34141005816053
0 1 0 23 18 221.34141005816053
0 1 0 24 18 221.34141005816053
0 1 0 25 18 221.34141005816053
0 1 0 26 18 221.34141005816053
0 1 0 27 18 221.34141005816053
0 1 0 28 18 221.34141005816053
0 1 0 29 18 221.34141005816053
0 1 0 30 18 221.34141005816053
0 1 0 31 18 221.34141005816053
0 1 1 0 13 201.6578886877568
0 1 1 1 13 201.6578886877568
0 1 1 2 13 201.6578886877568
0 1 1 3 13 201.6578886877568
0 1 1 4 13 201.6578886877568
0 1 1 5 13 201.6578886877568
0 1 1 6 13 201.6578886877568
0 1 1 7 13 201.6578886877568
0 1 1 8 13 201.6578886877568
0 1 1 9 13 201.6578886877568
0 1 1 10 13 201.6578886877568
0 1 1 11 13 201.6578886877568
0 1 1 12 13 201.6578886877568
0 1 1 13 13 201.6578886877568
0 1 1 14 13 201.6578886877568
0 1 1 15 13 201.6578886877568
0 1 1 16 17 242.07010254004425
0 1 1 17 17 242.07010254004425
0 1 1 18 17 242.07010254004425
0 1 1 19 17 242.07010254004425
0 1 1 20 17 242.07010254004425
0 1 1 21 17 242.07010254004425
0 1 1 22 17 242.07010254004425
0 1 1 23 17 242.07010254004425
0 1 1 24 17 242.07010254004425
0 1 1 25 17 242.07010254004425
0 1 1 26 17 242.07010254004425
0 1 1 27 17 242.07010254004425
0 1 1 28 17 242.07010254004425
0 1 1 29 17 242.07010254004425
0 1 1 30 17 242.07010254004425
0 1 1 31 17 242.07010254004425
0 1 2 0 15 238.57425128988558
0 1 2 1 15 238.57425128988558
0 1 2 2 15 238.57425128988558
0 1 2 3 15 238.57425128988558
0 1 2 4 15 238.57425128988558
0 1 2 5 15 238.57425128988558
0 1 2 6 15 238.57425128988558
0 1 2 7 15 238.57425128988558
0 1 2 8 15 238.57425128988558
0 1 2 9 15 238.57425128988558
0 1 2 10 15 238.57425128988558
0 1 2 11 15 238.57425128988558
0 1 2 12 15 238.57425128988558
0 1 2 13 15 238.57425128988558
0 1 2 14 15 238.57425128988558
0 1 2 15 15 238.57425128988558
0 1 2 16 19 249.3481216939123
0 1 2 17 19 249.3481216939123
0 1 2 18 19 249.3481216939123
0 1 2 19 19 249.3481216939123
0 1 2 20 19 249.3481216939123
0 1 2 21 19 249.3481216939123
0 1 2 22 19 249.3481216939123
0 1 2 23 19 249.3481216939123
0 1 2 24 19 249.3481216939123
0 1 2 25 19 249.3481216939123
0 1 2 26 19 249.3481216939123
0 1 2 27 19 249.3481216939123
0 1 2 28 19 249.3481216939123
0 1 2 29 19 249.3481216939123
0 1 2 30 19 249.3481216939123
0 1 2 31 19 249.3481216939123
0 1 3 0 13 186.7799820818635
0 1 3 1 13 186.7799820818635
0 1 3 2 13 186.7799820818635
0 1 3 3 13 186.7799820818635
0 1 3 4 13 186.7799820818635
0 1 3 5 13 186.7799820818635
0 1 3 6 13 186.7799820818635
0 1 3 7 13 186.7799820818635
0 1 3 8 13 186.7799820818635
0 1 3 9 13 186.7799820818635
0 1 3 10 13 186.7799820818635
0 1 3 11 13 186.7799820818635
0 1 3 12 13 186.7799820818635
0 1 3 13 13 186.7799820818635
0 1 3 14 13 186.7799820818635
0 1 3 15 13 186.7799820818635
0 1 3 16 30 191.60689878842635
0 1 3 17 30 191.60689878842635
0 1 3 18 30 191.60689878842635
0 1 3 19 30 191.60689878842635
0 1 3 20 30 191.60689878842635
0 1 3 21 30 191.60689878842635
0 1 3 22 30 191.60689878842635
0 1 3 23 30 191.60689878842635
0 1 3 24 30 191.60689878842635
0 1 3 25 30 191.60689878842635
0 1 3 26 30 191.60689878842635
0 1 3 27 30 191.60689878842635
0 1 3 28 30 191.60689878842635
0 1 3 29 30 191.60689878842635
0 1 3 30 30 191.60689878842635
0 1 3 31 30 191.60689878842635
0 1 4 0 12 178.79771834472368
0 1 4 1 12 178.79771834472368
0 1 4 2 12 178.79771834472368
0 1 4 3 12 178.79771834472368
0 1 4 4 12 178.79771834472368
0 1 4 5 12 178.79771834472368
0 1 4 6 12 178.79771834472368
0 1 4 7 12 178.79771834472368
0 1 4 8 12 178.79771834472368
0 1 4 9 12 178.79771834472368
0 1 4 10 12 178.79771834472368
0 1 4 11 12 178.79771834472368
0 1 4 12 12 178.79771834472368
0 1 4 13 12 178.79771834472368
0 1 4 14 12 178.79771834472368
0 1 4 15 12 178.79771834472368
0 1 4 16 16 200.5746658919233
0 1 4 17 16 200.5746658919233
0 1 4 18 16 200.5746658919233
0 1 4 19 16 200.5746658919233
0 1 4 20 16 200.5746658919233
0 1 4 21 16 200.5746658919233
0 1 4 22 16 200.5746658919233
0 1 4 23 16 200.5746658919233
0 1 4 24 16 200.5746658919233
0 1 4 25 16 200.5746658919233
0 1 4 26 16 200.5746658919233
0 1 4 27 16 200.5746658919233
0 1 4 28 16 200.5746658919233
0 1 4 29 16 200.5746658919233
0 1 4 30 16 200.5746658919233
0 1 4 31 16 200.5746658919233
0 1 5 0 8 238.03913362004639
0 1 5 1 8 238.03913362004639
0 1 5 2 8 238.03913362004639
0 1 5 3 8 238.03913362004639
0 1 5 4 8 238.03913362004639
0 1 5 5 8 238.03913362004639
0 1 5 6 8 238.03913362004639
0 1 5 7 8 238.03913362004639
0 1 5 8 8 238.03913362004639
0 1 5 9 8 238.03913362004639
0 1 5 10 8 238.03913362004639
0 1 5 11 8 238.03913362004639
0 1 5 12 8 238.03913362004639
0 1 5 13 8 238.03913362004639
0 1 5 14 8 238.03913362004639
0 1 5 15 8 238.03913362004639
0 1 5 16 19 236.58403522205208
0 1 5 17 19 236.58403522205208
0 1 5 18 19 236.58403522205208
0 1 5 19 19 236.58403522205208
0 1 5 20 19 236.58403522205208
0 1 5 21 19 236.58403522205208
0 1 5 22 19 236.58403522205208
0 1 5 23 19 236.58403522205208
0 1 5 24 19 236.58403522205208
0 1 5 25 19 236.58403522205208
0 1 5 26 19 236.58403522205208
0 1 5 27 19 236.58403522205208
0 1 5 28 19 236.58403522205208
0 1 5 29 19 236.58403522205208
0 1 5 30 19 236.58403522205208
0 1 5 31 19 236.58403522205208
0 3 0 0 11 206.87431269728134
0 3 0 1 11 206.87431269728134
0 3 0 2 11 206.87431269728134
0 3 0 3 11 206.87431269728134
0 3 0 4 11 206.87431269728134
0 3 0 5 11 206.87431269728134
0 3 0 6 11 206.87431269728134
0 3 0 7 11 206.87431269728134
0 3 0 8 11 206.87431269728134
0 3 0 9 11 206.87431269728134
0 3 0 10 11 206.87431269728134
0 3 0 11 11 206.87431269728134
0 3 0 12 11 206.87431269728134
0 3 0 13 11 206.87431269728134
0 3 0 14 11 206.87431269728134
0 3 0 15 11 206.87431269728134
0 3 0 16 17 238.96442820310372
0 3 0 17 17 238.96442820310372
0 3 0 18 17 238.96442820310372
0 3 0 19 17 238.96442820310372
0 3 0 20 17 238.96442820310372
0 3 0 21 17 238.96442820310372
0 3 0 22 17 238.96442820310372
0 3 0 23 17 238.96442820310372
0 3 0 24 17 238.96442820310372
0 3 0 25 17 238.96442820310372
0 3 0 26 17 238.96442820310372
0 3 0 27 17 238.96442820310372
0 3 0 28 17 238.96442820310372
0 3 0 29 17 238.96442820310372
0 3 0 30 17 238.96442820310372
0 3 0 31 17 238.96442820310372
0 3 1 0 9 177.01407000686342
0 3 1 1 9 177.01407000686342
0 3 1 2 9 177.01407000686342
0 3 1 3 9 177.01407000686342
0 3 1 4 9 177.01407000686342
0 3 1 5 9 177.01407000686342
0 3 1 6 9 177.01407000686342
0 3 1 7 9 177.01407000686342
0 3 1 8 9 177.01407000686342
0 3 1 9 9 177.01407000686342
0 3 1 10 9 177.01407000686342
0 3 1 11 9 177.01407000686342
0 3 1 12 9 177.01407000686342
0 3 1 13 9 177.01407000686342
0 3 1 14 9 177.01407000686342
0 3 1 15 9 177.01407000686342
0 3 1 16 23 220.4779069535167
0 3 1 17 23 220.4779069535167
0 3 1 18 23 220.4779069535167
0 3 1 19 23 220.4779069535167
0 3 1 20 23 220.4779069535167
0 3 1 21 23 220.4779069535167
0 3 1 22 23 220.4779069535167
0 3 1 23 23 220.4779069535167
0 3 1 24 23 220.4779069535167
0 3 1 25 23 220.4779069535167
0 3 1 26 23 220.4779069535167
0 3 1 27 23 220.4779069535167
0 3 1 28 23 220.4779069535167
0 3 1 29 23 220.4779069535167
0 3 1 30 23 220.4779069535167
0 3 1 31 23 220.4779069535167
0 3 2 0 11 226.4533720267768
0 3 2 1 11 226.4533720267768
0 3 2 2 11 226.4533720267768
0 3 2 3 11 226.4533720267768
0 3 2 4 11 226.4533720267768
0 3 2 5 11 226.4533720267768
0 3 2 6 11 226.4533720267768
0 3 2 7 11 226.4533720267768
0 3 2 8 11 226.4533720267768
0 3 2 9 11 226.4533720267768
0 3 2 10 11 226.4533720267768
0 3 2 11 11 226.4533720267768
0 3 2 12 11 226.4533720267768
0 3 2 13 11 226.4533720267768
0 3 2 14 11 226.4533720267768
0 3 2 15 11 226.4533720267768
0 3 2 16 23 224.771494798805
0 3 2 17 23 224.771494798805
0 3 2 18 23 224.771494798805
0 3 2 19 23 224.771494798805
0 3 2 20 23 224.771494798805
0 3 2 21 23 224.771494798805
0 3 2 22 23 224.771494798805
0 3 2 23 23 224.771494798805
0 3 2 24 23 224.771494798805
0 3 2 25 23 224.771494798805
0 3 2 26 23 224.771494798805
0 3 2 27 23 224.771494798805
0 3 2 28 23 224.771494798805
0 3 2 29 23 224.771494798805
0 3 2 30 23 224.771494798805
0 3 2 31 23 224.771494798805
0 3 4 0 11 244.74973284889933
0 3 4 1 11 244.74973284889933
0 3 4 2 11 244.74973284889933
0 3 4 3 11 244.74973284889933
0 3 4 4 11 244.74973284889933
0 3 4 5 11 244.74973284889933
0 3 4 6 11 244.74973284889933
0 3 4 7 11 244.74973284889933
0 3 4 8 11 244.74973284889933
0 3 4 9 11 244.74973284889933
0 3 4 10 11 244.74973284889933
0 3 4 11 11 244.74973284889933
0 3 4 12 11 244.74973284889933
0 3 4 13 11 244.74973284889933
0 3 4 14 11 244.74973284889933
0 3 4 15 11 244.74973284889933
0 3 4 16 21 198.45306100774627
0 3 4 17 21 198.45306100774627
0 3 4 18 21 198.45306100774627
0 3 4 19 21 198.45306100774627
0 3 4 20 21 198.45306100774627
0 3 4 21 21 198.45306100774627
0 3 4 22 21 198.45306100774627
0 3 4 23 21 198.45306100774627
0 3 4 24 21 198.45306100774627
0 3 4 25 21 198.45306100774627
0 3 4 26 21 198.45306100774627
0 3 4 27 21 198.45306100774627
0 3 4 28 21 198.45306100774627
0 3 4 29 21 198.45306100774627
0 3 4 30 21 198.45306100774627
0 3 4 31 21 198.45306100774627
0 3 5 0 11 198.8785501938885
0 3 5 1 11 198.8785501938885
0 3 5 2 11 198.8785501938885
0 3 5 3 11 198.8785501938885
0 3 5 4 11 198.8785501938885
0 3 5 5 11 198.8785501938885
0 3 5 6 11 198.8785501938885
0 3 5 7 11 198.8785501938885
0 3 5 8 11 198.8785501938885
0 3 5 9 11 198.8785501938885
0 3 5 10 11 198.8785501938885
0 3 5 11 11 198.8785501938885
0 3 5 12 11 198.8785501938885
0 3 5 13 11 198.8785501938885
0 3 5 14 11 198.8785501938885
0 3 5 15 11 198.8785501938885
0 3 5 16 23 574.179104477612
0 3 5 17 23 574.179104477612
0 3 5 18 23 574.179104477612
0 3 5 19 23 574.179104477612
0 3 5 20 23 574.179104477612
0 3 5 21 23 574.179104477612
0 3 5 22 23 574.179104477612
0 3 5 23 23 574.179104477612
0 3 5 24 23 574.179104477612
0 3 5 25 23 574.179104477612
0 3 5 26 23 574.179104477612
0 3 5 27 23 574.179104477612
0 3 5 28 23 574.179104477612
0 3 5 29 23 574.179104477612
0 3 5 30 23 574.179104477612
0 3 5 31 23 574.179104477612
0 4 0 0 14 194.2612330198537
0 4 0 1 14 194.2612330198537
0 4 0 2 14 194.2612330198537
0 4 0 3 14 194.2612330198537
0 4 0 4 14 194.2612330198537
0 4 0 5 14 194.2612330198537
0 4 0 6 14 194.2612330198537
0 4 0 7 14 194.2612330198537
0 4 0 8 14 194.2612330198537
0 4 0 9 14 194.2612330198537
0 4 0 10 14 194.2612330198537
0 4 0 11 14 194.2612330198537
0 4 0 12 14 194.2612330198537
0 4 0 13 14 194.2612330198537
0 4 0 14 14 194.2612330198537
0 4 0 15 14 194.2612330198537
0 4 0 16 17 256.8276133409872
0 4 0 17 17 256.8276133409872
0 4 0 18 17 256.8276133409872
0 4 0 19 17 256.8276133409872
0 4 0 20 17 256.8276133409872
0 4 0 21 17 256.8276133409872
0 4 0 22 17 256.8276133409872
0 4 0 23 17 256.8276133409872
0 4 0 24 17 256.8276133409872
0 4 0 25 17 256.8276133409872
0 4 0 26 17 256.8276133409872
0 4 0 27 17 256.8276133409872
0 4 0 28 17 256.8276133409872
0 4 0 29 17 256.8276133409872
0 4 0 30 17 256.8276133409872
0 4 0 31 17 256.8276133409872
0 4 1 0 8 209.40020621344783
0 4 1 1 8 209.40020621344783
0 4 1 2 8 209.40020621344783
0 4 1 3 8 209.40020621344783
0 4 1 4 8 209.40020621344783
0 4 1 5 8 209.40020621344783
0 4 1 6 8 209.40020621344783
0 4 1 7 8 209.40020621344783
0 4 1 8 8 209.40020621344783
0 4 1 9 8 209.40020621344783
0 4 1 10 8 209.40020621344783
0 4 1 11 8 209.40020621344783
0 4 1 12 8 209.40020621344783
0 4 1 13 8 209.40020621344783
0 4 1 14 8 209.40020621344783
0 4 1 15 8 209.40020621344783
0 4 1 16 17 181.57828848870355
0 4 1 17 17 181.57828848870355
0 4 1 18 17 181.57828848870355
0 4 1 19 17 181.57828848870355
0 4 1 20 17 181.57828848870355
0 4 1 21 17 181.57828848870355
0 4 1 22 17 181.57828848870355
0 4 1 23 17 181.57828848870355
0 4 1 24 17 181.57828848870355
0 4 1 25 17 181.57828848870355
0 4 1 26 17 181.57828848870355
0 4 1 27 17 181.57828848870355
0 4 1 28 17 181.57828848870355
0 4 1 29 17 181.57828848870355
0 4 1 30 17 181.57828848870355
0 4 1 31 17 181.57828848870355
0 4 2 0 8 190.96708249948566
0 4 2 1 8 190.96708249948566
0 4 2 2 8 190.96708249948566
0 4 2 3 8 190.96708249948566
0 4 2 4 8 190.96708249948566
0 4 2 5 8 190.96708249948566
0 4 2 6 8 190.96708249948566
0 4 2 7 8 190.96708249948566
0 4 2 8 8 190.96708249948566
0 4 2 9 8 190.96708249948566
0 4 2 10 8 190.96708249948566
0 4 2 11 8 190.96708249948566
0 4 2 12 8 190.96708249948566
0 4 2 13 8 190.96708249948566
0 4 2 14 8 190.96708249948566
0 4 2 15 8 190.96708249948566
0 4 2 16 24 255.2798239092481
0 4 2 17 24 255.2798239092481
0 4 2 18 24 255.2798239092481
0 4 2 19 24 255.2798239092481
0 4 2 20 24 255.2798239092481
0 4 2 21 24 255.2798239092481
0 4 2 22 24 255.2798239092481
0 4 2 23 24 255.2798239092481
0 4 2 24 24 255.2798239092481
0 4 2 25 24 255.2798239092481
0 4 2 26 24 255.2798239092481
0 4 2 27 24 255.2798239092481
0 4 2 28 24 255.2798239092481
0 4 2 29 24 255.2798239092481
0 4 2 30 24 255.2798239092481
0 4 2 31 24 255.2798239092481
0 4 3 0 9 205.17632270728822
0 4 3 1 9 205.17632270728822
0 4 3 2 9 205.17632270728822
0 4 3 3 9 205.17632270728822
0 4 3 4 9 205.17632270728822
0 4 3 5 9 205.17632270728822
0 4 3 6 9 205.17632270728822
0 4 3 7 9 205.17632270728822
0 4 3 8 9 205.17632270728822
0 4 3 9 9 205.17632270728822
0 4 3 10 9 205.17632270728822
0 4 3 11 9 205.17632270728822
0 4 3 12 9 205.17632270728822
0 4 3 13 9 205.17632270728822
0 4 3 14 9 205.17632270728822
0 4 3 15 9 205.17632270728822
0 4 3 16 23 205.36168694391048
0 4 3 17 23 205.36168694391048
0 4 3 18 23 205.36168694391048
0 4 3 19 23 205.36168694391048
0 4 3 20 23 205.36168694391048
0 4 3 21 23 205.36168694391048
0 4 3 22 23 205.36168694391048
0 4 3 23 23 205.36168694391048
0 4 3 24 23 205.36168694391048
0 4 3 25 23 205.36168694391048
0 4 3 26 23 205.36168694391048
0 4 3 27 23 205.36168694391048
0 4 3 28 23 205.36168694391048
0 4 3 29 23 205.36168694391048
0 4 3 30 23 205.36168694391048
0 4 3 31 23 205.36168694391048
0 4 4 0 8 204.28491307516137
0 4 4 1 8 204.28491307516137
0 4 4 2 8 204.28491307516137
0 4 4 3 8 204.28491307516137
0 4 4 4 8 204.28491307516137
0 4 4 5 8 204.28491307516137
0 4 4 6 8 204.28491307516137
0 4 4 7 8 204.28491307516137
0 4 4 8 8 204.28491307516137
0 4 4 9 8 204.28491307516137
0 4 4 10 8 204.28491307516137
0 4 4 11 8 204.28491307516137
0 4 4 12 8 204.28491307516137
0 4 4 13 8 204.28491307516137
0 4 4 14 8 204.28491307516137
0 4 4 15 8 204.28491307516137
0 4 4 16 23 228.40117158707375
0 4 4 17 23 228.40117158707375
0 4 4 18 23 228.40117158707375
0 4 4 19 23 228.40117158707375
0 4 4 20 23 228.40117158707375
0 4 4 21 23 228.40117158707375
0 4 4 22 23 228.40117158707375
0 4 4 23 23 228.40117158707375
0 4 4 24 23 228.40117158707375
0 4 4 25 23 228.40117158707375
0 4 4 26 23 228.40117158707375
0 4 4 27 23 228.40117158707375
0 4 4 28 23 228.40117158707375
0 4 4 29 23 228.40117158707375
0 4 4 30 23 228.40117158707375
0 4 4 31 23 228.40117158707375
0 4 5 0 8 213.77542797196128
0 4 5 1 8 213.77542797196128
0 4 5 2 8 213.77542797196128
0 4 5 3 8 213.77542797196128
0 4 5 4 8 213.77542797196128
0 4 5 5 8 213.77542797196128
0 4 5 6 8 213.77542797196128
0 4 5 7 8 213.77542797196128
0 4 5 8 8 213.77542797196128
0 4 5 9 8 213.77542797196128
0 4 5 10 8 213.77542797196128
0 4 5 11 8 213.77542797196128
0 4 5 12 8 213.77542797196128
0 4 5 13 8 213.77542797196128
0 4 5 14 8 213.77542797196128
0 4 5 15 8 213.77542797196128
0 4 5 16 16 250.65114474688374
0 4 5 17 16 250.65114474688374
0 4 5 18 16 250.65114474688374
0 4 5 19 16 250.65114474688374
0 4 5 20 16 250.65114474688374
0 4 5 21 16 250.65114474688374
0 4 5 22 16 250.65114474688374
0 4 5 23 16 250.65114474688374
0 4 5 24 16 250.65114474688374
0 4 5 25 16 250.65114474688374
0 4 5 26 16 250.65114474688374
0 4 5 27 16 250.65114474688374
0 4 5 28 16 250.65114474688374
0 4 5 29 16 250.65114474688374
0 4 5 30 16 250.65114474688374
0 4 5 31 16 250.65114474688374
0 5 0 0 14 188.01259684521486
0 5 0 1 14 188.01259684521486
0 5 0 2 14 188.01259684521486
0 5 0 3 14 188.01259684521486
0 5 0 4 14 188.01259684521486
0 5 0 5 14 188.01259684521486
0 5 0 6 14 188.01259684521486
0 5 0 7 14 188.01259684521486
0 5 0 8 14 188.01259684521486
0 5 0 9 14 188.01259684521486
0 5 0 10 14 188.01259684521486
0 5 0 11 14 188.01259684521486
0 5 0 12 14 188.01259684521486
0 5 0 13 14 188.01259684521486
0 5 0 14 14 188.01259684521486
0 5 0 15 14 188.01259684521486
0 5 0 16 26 203.4474942848414
0 5 0 17 26 203.4474942848414
0 5 0 18 26 203.4474942848414
0 5 0 19 26 203.4474942848414
0 5 0 20 26 203.4474942848414
0 5 0 21 26 203.4474942848414
0 5 0 22 26 203.4474942848414
0 5 0 23 26 203.4474942848414
0 5 0 24 26 203.4474942848414
0 5 0 25 26 203.4474942848414
0 5 0 26 26 203.4474942848414
0 5 0 27 26 203.4474942848414
0 5 0 28 26 203.4474942848414
0 5 0 29 26 203.4474942848414
0 5 0 30 26 203.4474942848414
0 5 0 31 26 203.4474942848414
0 5 1 0 8 216.0902219876216
0 5 1 1 8 216.0902219876216
0 5 1 2 8 216.0902219876216
0 5 1 3 8 216.0902219876216
0 5 1 4 8 216.0902219876216
0 5 1 5 8 216.0902219876216
0 5 1 6 8 216.0902219876216
0 5 1 7 8 216.0902219876216
0 5 1 8 8 216.0902219876216
0 5 1 9 8 216.0902219876216
0 5 1 10 8 216.0902219876216
0 5 1 11 8 216.0902219876216
0 5 1 12 8 216.0902219876216
0 5 1 13 8 216.0902219876216
0 5 1 14 8 216.0902219876216
0 5 1 15 8 216.0902219876216
0 5 1 16 24 235.4547596441256
0 5 1 17 24 235.4547596441256
0 5 1 18 24 235.4547596441256
0 5 1 19 24 235.4547596441256
0 5 1 20 24 235.4547596441256
0 5 1 21 24 235.4547596441256
0 5 1 22 24 235.4547596441256
0 5 1 23 24 235.4547596441256
0 5 1 24 24 235.4547596441256
0 5 1 25 24 235.4547596441256
0 5 1 26 24 235.4547596441256
0 5 1 27 24 235.4547596441256
0 5 1 28 24 235.4547596441256
0 5 1 29 24 235.4547596441256
0 5 1 30 24 235.4547596441256
0 5 1 31 24 235.4547596441256
0 5 2 0 8 230.10501842947892
0 5 2 1 8 230.10501842947892
0 5 2 2 8 230.10501842947892
0 5 2 3 8 230.10501842947892
0 5 2 4 8 230.10501842947892
0 5 2 5 8 230.10501842947892
0 5 2 6 8 230.10501842947892
0 5 2 7 8 230.10501842947892
0 5 2 8 8 230.10501842947892
0 5 2 9 8 230.10501842947892
0 5 2 10 8 230.10501842947892
0 5 2 11 8 230.10501842947892
0 5 2 12 8 230.10501842947892
0 5 2 13 8 230.10501842947892
0 5 2 14 8 230.10501842947892
0 5 2 15 8 230.10501842947892
0 5 2 16 23 548.3855421686746
0 5 2 17 23 548.3855421686746
0 5 2 18 23 548.3855421686746
0 5 2 19 23 548.3855421686746
0 5 2 20 23 548.3855421686746
0 5 2 21 23 548.3855421686746
0 5 2 22 23 548.3855421686746
0 5 2 23 23 548.3855421686746
0 5 2 24 23 548.3855421686746
0 5 2 25 23 548.3855421686746
0 5 2 26 23 548.3855421686746
0 5 2 27 23 548.3855421686746
0 5 2 28 23 548.3855421686746
0 5 2 29 23 548.3855421686746
0 5 2 30 23 548.3855421686746
0 5 2 31 23 548.3855421686746
0 5 3 0 8 209.0199829931973
0 5 3 1 8 209.0199829931973
0 5 3 2 8 209.0199829931973
0 5 3 3 8 209.0199829931973
0 5 3 4 8 209.0199829931973
0 5 3 5 8 209.0199829931973
0 5 3 6 8 209.0199829931973
0 5 3 7 8 209.0199829931973
0 5 3 8 8 209.0199829931973
0 5 3 9 8 209.0199829931973
0 5 3 10 8 209.0199829931973
0 5 3 11 8 209.0199829931973
0 5 3 12 8 209.0199829931973
0 5 3 13 8 209.0199829931973
0 5 3 14 8 209.0199829931973
0 5 3 15 8 209.0199829931973
0 5 3 16 22 558.8539325842696
0 5 3 17 22 558.8539325842696
0 5 3 18 22 558.8539325842696
0 5 3 19 22 558.8539325842696
0 5 3 20 22 558.8539325842696
0 5 3 21 22 558.8539325842696
0 5 3 22 22 558.8539325842696
0 5 3 23 22 558.8539325842696
0 5 3 24 22 558.8539325842696
0 5 3 25 22 558.8539325842696
0 5 3 26 22 558.8539325842696
0 5 3 27 22 558.8539325842696
0 5 3 28 22 558.8539325842696
0 5 3 29 22 558.8539325842696
0 5 3 30 22 558.8539325842696
0 5 3 31 22 558.8539325842696
0 5 4 0 8 237.46553060085006
0 5 4 1 8 237.46553060085006
0 5 4 2 8 237.46553060085006
0 5 4 3 8 237.46553060085006
0 5 4 4 8 237.46553060085006
0 5 4 5 8 237.46553060085006
0 5 4 6 8 237.46553060085006
0 5 4 7 8 237.46553060085006
0 5 4 8 8 237.46553060085006
0 5 4 9 8 237.46553060085006
0 5 4 10 8 237.46553060085006
0 5 4 11 8 237.46553060085006
0 5 4 12 8 237.46553060085006
0 5 4 13 8 237.46553060085006
0 5 4 14 8 237.46553060085006
0 5 4 15 8 237.46553060085006
0 5 4 16 22 212.87217208554827
0 5 4 17 22 212.87217208554827
0 5 4 18 22 212.87217208554827
0 5 4 19 22 212.87217208554827
0 5 4 20 22 212.87217208554827
0 5 4 21 22 212.87217208554827
0 5 4 22 22 212.87217208554827
0 5 4 23 22 212.87217208554827
0 5 4 24 22 212.87217208554827
0 5 4 25 22 212.87217208554827
0 5 4 26 22 212.87217208554827
0 5 4 27 22 212.87217208554827
0 5 4 28 22 212.87217208554827
0 5 4 29 22 212.87217208554827
0 5 4 30 22 212.87217208554827
0 5 4 31 22 212.87217208554827
0 5 5 0 8 205.92858460322338
0 5 5 1 8 205.92858460322338
0 5 5 2 8 205.92858460322338
0 5 5 3 8 205.92858460322338
0 5 5 4 8 205.92858460322338
0 5 5 5 8 205.92858460322338
0 5 5 6 8 205.92858460322338
0 5 5 7 8 205.92858460322338
0 5 5 8 8 205.92858460322338
0 5 5 9 8 205.92858460322338
0 5 5 10 8 205.92858460322338
0 5 5 11 8 205.92858460322338
0 5 5 12 8 205.92858460322338
0 5 5 13 8 205.92858460322338
0 5 5 14 8 205.92858460322338
0 5 5 15 8 205.92858460322338
0 5 5 16 17 227.83207448203515
0 5 5 17 17 227.83207448203515
0 5 5 18 17 227.83207448203515
0 5 5 19 17 227.83207448203515
0 5 5 20 17 227.83207448203515
0 5 5 21 17 227.83207448203515
0 5 5 22 17 227.83207448203515
0 5 5 23 17 227.83207448203515
0 5 5 24 17 227.83207448203515
0 5 5 25 17 227.83207448203515
0 5 5 26 17 227.83207448203515
0 5 5 27 17 227.83207448203515
0 5 5 28 17 227.83207448203515
0 5 5 29 17 227.83207448203515
0 5 5 30 17 227.83207448203515
0 5 5 31 17 227.83207448203515
1 0 0 0 11 211.5912824266081
1 0 0 1 11 211.5912824266081
1 0 0 2 11 211.5912824266081
1 0 0 3 11 211.5912824266081
1 0 0 4 11 211.5912824266081
1 0 0 5 11 211.5912824266081
1 0 0 6 11 211.5912824266081
1 0 0 7 11 211.5912824266081
1 0 0 8 11 211.5912824266081
1 0 0 9 11 211.5912824266081
1 0 0 10 11 211.5912824266081
1 0 0 11 11 211.5912824266081
1 0 0 12 11 211.5912824266081
1 0 0 13 11 211.5912824266081
1 0 0 14 11 211.5912824266081
1 0 0 15 11 211.5912824266081
1 0 0 16 25 235.37907823562327
1 0 0 17 25 235.37907823562327
1 0 0 18 25 235.37907823562327
1 0 0 19 25 235.37907823562327
1 0 0 20 25 235.37907823562327
1 0 0 21 25 235.37907823562327
1 0 0 22 25 235.37907823562327
1 0 0 23 25 235.37907823562327
1 0 0 24 25 235.37907823562327
1 0 0 25 25 235.37907823562327
1 0 0 26 25 235.37907823562327
1 0 0 27 25 235.37907823562327
1 0 0 28 25 235.37907823562327
1 0 0 29 25 235.37907823562327
1 0 0 30 25 235.37907823562327
1 0 0 31 25 235.37907823562327
1 0 1 0 5 215.0905576846835
1 0 1 1 5 215.0905576846835
1 0 1 2 5 215.0905576846835
1 0 1 3 5 215.0905576846835
1 0 1 4 5 215.0905576846835
1 0 1 5 5 215.0905576846835
1 0 1 6 5 215.0905576846835
1 0 1 7 5 215.0905576846835
1 0 1 8 5 215.0905576846835
1 0 1 9 5 215.0905576846835
1 0 1 10 5 215.0905576846835
1 0 1 11 5 215.0905576846835
1 0 1 12 5 215.0905576846835
1 0 1 13 5 215.0905576846835
1 0 1 14 5 215.0905576846835
1 0 1 15 5 215.0905576846835
1 0 1 16 25 234.11703043638698
1 0 1 17 25 234.11703043638698
1 0 1 18 25 234.11703043638698
1 0 1 19 25 234.11703043638698
1 0 1 20 25 234.11703043638698
1 0 1 21 25 234.11703043638698
1 0 1 22 25 234.11703043638698
1 0 1 23 25 234.11703043638698
1 0 1 24 25 234.11703043638698
1 0 1 25 25 234.11703043638698
1 0 1 26 25 234.11703043638698
1 0 1 27 25 234.11703043638698
1 0 1 28 25 234.11703043638698
1 0 1 29 25 234.11703043638698
1 0 1 30 25 234.11703043638698
1 0 1 31 25 234.11703043638698
1 0 2 0 5 217.74665199475558
1 0 2 1 5 217.74665199475558
1 0 2 2 5 217.74665199475558
1 0 2 3 5 217.74665199475558
1 0 2 4 5 217.74665199475558
1 0 2 5 5 217.74665199475558
1 0 2 6 5 217.74665199475558
1 0 2 7 5 217.74665199475558
1 0 2 8 5 217.74665199475558
1 0 2 9 5 217.74665199475558
1 0 2 10 5 217.74665199475558
1 0 2 11 5 217.74665199475558
1 0 2 12 5 217.74665199475558
1 0 2 13 5 217.74665199475558
1 0 2 14 5 217.74665199475558
1 0 2 15 5 217.74665199475558
1 0 2 16 28 213.14016693969887
1 0 2 17 28 213.14016693969887
1 0 2 18 28 213.14016693969887
1 0 2 19 28 213.14016693969887
1 0 2 20 28 213.14016693969887
1 0 2 21 28 213.14016693969887
1 0 2 22 28 213.14016693969887
1 0 2 23 28 213.14016693969887
1 0 2 24 28 213.14016693969887
1 0 2 25 28 213.14016693969887
1 0 2 26 28 213.14016693969887
1 0 2 27 28 213.14016693969887
1 0 2 28 28 213.14016693969887
1 0 2 29 28 213.14016693969887
1 0 2 30 28 213.14016693969887
1 0 2 31 28 213.14016693969887
1 0 3 0 9 207.9331418973831
1 0 3 1 9 207.9331418973831
1 0 3 2 9 207.9331418973831
1 0 3 3 9 207.9331418973831
1 0 3 4 9 207.9331418973831
1 0 3 5 9 207.9331418973831
1 0 3 6 9 207.9331418973831
1 0 3 7 9 207.9331418973831
1 0 3 8 9 207.9331418973831
1 0 3 9 9 207.9331418973831
1 0 3 10 9 207.9331418973831
1 0 3 11 9 207.9331418973831
1 0 3 12 9 207.9331418973831
1 0 3 13 9 207.9331418973831
1 0 3 14 9 207.9331418973831
1 0 3 15 9 207.9331418973831
1 0 3 16 28 230.9811768557165
1 0 3 17 28 230.9811768557165
1 0 3 18 28 230.9811768557165
1 0 3 19 28 230.9811768557165
1 0 3 20 28 230.9811768557165
1 0 3 21 28 230.9811768557165
1 0 3 22 28 230.9811768557165
1 0 3 23 28 230.9811768557165
1 0 3 24 28 230.9811768557165
1 0 3 25 28 230.9811768557165
1 0 3 26 28 230.9811768557165
1 0 3 27 28 230.9811768557165
1 0 3 28 28 230.9811768557165
1 0 3 29 28 230.9811768557165
1 0 3 30 28 230.9811768557165
1 0 3 31 28 230.9811768557165
1 0 4 0 10 207.85
1 0 4 1 10 207.85
1 0 4 2 10 207.85
1 0 4 3 10 207.85
1 0 4 4 10 207.85
1 0 4 5 10 207.85
1 0 4 6 10 207.85
1 0 4 7 10 207.85
1 0 4 8 10 207.85
1 0 4 9 10 207.85
1 0 4 10 10 207.85
1 0 4 11 10 207.85
1 0 4 12 10 207.85
1 0 4 13 10 207.85
1 0 4 14 10 207.85
1 0 4 15 10 207.85
1 0 4 16 18 234.72866520787747
1 0 4 17 18 234.72866520787747
1 0 4 18 18 234.72866520787747
1 0 4 19 18 234.72866520787747
1 0 4 20 18 234.72866520787747
1 0 4 21 18 234.72866520787747
1 0 4 22 18 234.72866520787747
1 0 4 23 18 234.72866520787747
1 0 4 24 18 234.72866520787747
1 0 4 25 18 234.72866520787747
1 0 4 26 18 234.72866520787747
1 0 4 27 18 234.72866520787747
1 0 4 28 18 234.72866520787747
1 0 4 29 18 234.72866520787747
1 0 4 30 18 234.72866520787747
1 0 4 31 18 234.72866520787747
1 0 5 0 1 208.6039670842545
1 0 5 1 1 208.6039670842545
1 0 5 2 1 208.6039670842545
1 0 5 3 1 208.6039670842545
1 0 5 4 1 208.6039670842545
1 0 5 5 1 208.6039670842545
1 0 5 6 1 208.6039670842545
1 0 5 7 1 208.6039670842545
1 0 5 8 1 208.6039670842545
1 0 5 9 1 208.6039670842545
1 0 5 10 1 208.6039670842545
1 0 5 11 1 208.6039670842545
1 0 5 12 1 208.6039670842545
1 0 5 13 1 208.6039670842545
1 0 5 14 1 208.6039670842545
1 0 5 15 1 208.6039670842545
1 0 5 16 27 248.4924139272515
1 0 5 17 27 248.4924139272515
1 0 5 18 27 248.4924139272515
1 0 5 19 27 248.4924139272515
1 0 5 20 27 248.4924139272515
1 0 5 21 27 248.4924139272515
1 0 5 22 27 248.4924139272515
1 0 5 23 27 248.4924139272515
1 0 5 24 27 248.4924139272515
1 0 5 25 27 248.4924139272515
1 0 5 26 27 248.4924139272515
1 0 5 27 27 248.4924139272515
1 0 5 28 27 248.4924139272515
1 0 5 29 27 248.4924139272515
1 0 5 30 27 248.4924139272515
1 0 5 31 27 248.4924139272515
1 1 0 0 12 215.1905558209906
1 1 0 1 12 215.1905558209906
1 1 0 2 12 215.1905558209906
1 1 0 3 12 215.1905558209906
1 1 0 4 12 215.1905558209906
1 1 0 5 12 215.1905558209906
1 1 0 6 12 215.1905558209906
1 1 0 7 12 215.1905558209906
1 1 0 8 12 215.1905558209906
1 1 0 9 12 215.1905558209906
1 1 0 10 12 215.1905558209906
1 1 0 11 12 215.1905558209906
1 1 0 12 12 215.1905558209906
1 1 0 13 12 215.1905558209906
1 1 0 14 12 215.1905558209906
1 1 0 15 12 215.1905558209906
1 1 0 16 27 228.63399983874868
1 1 0 17 27 228.63399983874868
1 1 0 18 27 228.63399983874868
1 1 0 19 27 228.63399983874868
1 1 0 20 27 228.63399983874868
1 1 0 21 27 228.63399983874868
1 1 0 22 27 228.63399983874868
1 1 0 23 27 228.63399983874868
1 1 0 24 27 228.63399983874868
1 1 0 25 27 228.63399983874868
1 1 0 26 27 228.63399983874868
1 1 0 27 27 228.63399983874868
1 1 0 28 27 228.63399983874868
1 1 0 29 27 228.63399983874868
1 1 0 30 27 228.63399983874868
1 1 0 31 27 228.63399983874868
1 1 1 0 12 553.6666666666666
1 1 1 1 12 553.6666666666666
1 1 1 2 12 553.6666666666666
1 1 1 3 12 553.6666666666666
1 1 1 4 12 553.6666666666666
1 1 1 5 12 553.6666666666666
1 1 1 6 12 553.6666666666666
1 1 1 7 12 553.6666666666666
1 1 1 8 12 553.6666666666666
1 1 1 9 12 553.6666666666666
1 1 1 10 12 553.6666666666666
1 1 1 11 12 553.6666666666666
1 1 1 12 12 553.6666666666666
1 1 1 13 12 553.6666666666666
1 1 1 14 12 553.6666666666666
1 1 1 15 12 553.6666666666666
1 1 1 16 23 234.67653839286305
1 1 1 17 23 234.67653839286305
1 1 1 18 23 234.67653839286305
1 1 1 19 23 234.67653839286305
1 1 1 20 23 234.67653839286305
1 1 1 21 23 234.67653839286305
1 1 1 22 23 234.67653839286305
1 1 1 23 23 234.67653839286305
1 1 1 24 23 234.67653839286305
1 1 1 25 23 234.67653839286305
1 1 1 26 23 234.67653839286305
1 1 1 27 23 234.67653839286305
1 1 1 28 23 234.67653839286305
1 1 1 29 23 234.67653839286305
1 1 1 30 23 234.67653839286305
1 1 1 31 23 234.67653839286305
1 1 2 0 10 234.08160440723503
1 1 2 1 10 234.08160440723503
1 1 2 2 10 234.08160440723503
1 1 2 3 10 234.08160440723503
1 1 2 4 10 234.08160440723503
1 1 2 5 10 234.08160440723503
1 1 2 6 10 234.08160440723503
1 1 2 7 10 234.08160440723503
1 1 2 8 10 234.08160440723503
1 1 2 9 10 234.08160440723503
1 1 2 10 10 234.08160440723503
1 1 2 11 10 234.08160440723503
1 1 2 12 10 234.08160440723503
1 1 2 13 10 234.08160440723503
1 1 2 14 10 234.08160440723503
1 1 2 15 10 234.08160440723503
1 1 2 16 17 211.2491031966059
1 1 2 17 17 211.2491031966059
1 1 2 18 17 211.2491031966059
1 1 2 19 17 211.2491031966059
1 1 2 20 17 211.2491031966059
1 1 2 21 17 211.2491031966059
1 1 2 22 17 211.2491031966059
1 1 2 23 17 211.2491031966059
1 1 2 24 17 211.2491031966059
1 1 2 25 17 211.2491031966059
1 1 2 26 17 211.2491031966059
1 1 2 27 17 211.2491031966059
1 1 2 28 17 211.2491031966059
1 1 2 29 17 211.2491031966059
1 1 2 30 17 211.2491031966059
1 1 2 31 17 211.2491031966059
1 1 3 0 6 191.06561643835616
1 1 3 1 6 191.06561643835616
1 1 3 2 6 191.06561643835616
1 1 3 3 6 191.06561643835616
1 1 3 4 6 191.06561643835616
1 1 3 5 6 191.06561643835616
1 1 3 6 6 191.06561643835616
1 1 3 7 6 191.06561643835616
1 1 3 8 6 191.06561643835616
1 1 3 9 6 191.06561643835616
1 1 3 10 6 191.06561643835616
1 1 3 11 6 191.06561643835616
1 1 3 12 6 191.06561643835616
1 1 3 13 6 191.06561643835616
1 1 3 14 6 191.06561643835616
1 1 3 15 6 191.06561643835616
1 1 3 16 31 196.22479007208145
1 1 3 17 31 196.22479007208145
1 1 3 18 31 196.22479007208145
1 1 3 19 31 196.22479007208145
1 1 3 20 31 196.22479007208145
1 1 3 21 31 196.22479007208145
1 1 3 22 31 196.22479007208145
1 1 3 23 31 196.22479007208145
1 1 3 24 31 196.22479007208145
1 1 3 25 31 196.22479007208145
1 1 3 26 31 196.22479007208145
1 1 3 27 31 196.22479007208145
1 1 3 28 31 196.22479007208145
1 1 3 29 31 196.22479007208145
1 1 3 30 31 196.22479007208145
1 1 3 31 31 196.22479007208145
1 1 4 0 10 212.4506325021218
1 1 4 1 10 212.4506325021218
1 1 4 2 10 212.4506325021218
1 1 4 3 10 212.4506325021218
1 1 4 4 10 212.4506325021218
1 1 4 5 10 212.4506325021218
1 1 4 6 10 212.4506325021218
1 1 4 7 10 212.4506325021218
1 1 4 8 10 212.4506325021218
1 1 4 9 10 212.4506325021218
1 1 4 10 10 212.4506325021218
1 1 4 11 10 212.4506325021218
1 1 4 12 10 212.4506325021218
1 1 4 13 10 212.4506325021218
1 1 4 14 10 212.4506325021218
1 1 4 15 10 212.4506325021218
1 1 4 16 27 235.74037733364065
1 1 4 17 27 235.74037733364065
1 1 4 18 27 235.74037733364065
1 1 4 19 27 235.74037733364065
1 1 4 20 27 235.74037733364065
1 1 4 21 27 235.74037733364065
1 1 4 22 27 235.74037733364065
1 1 4 23 27 235.74037733364065
1 1 4 24 27 235.74037733364065
1 1 4 25 27 235.74037733364065
1 1 4 26 27 235.74037733364065
1 1 4 27 27 235.74037733364065
1 1 4 28 27 235.74037733364065
1 1 4 29 27 235.74037733364065
1 1 4 30 27 235.74037733364065
1 1 4 31 27 235.74037733364065
1 1 5 0 8 220.3838084737754
1 1 5 1 8 220.3838084737754
1 1 5 2 8 220.3838084737754
1 1 5 3 8 220.3838084737754
1 1 5 4 8 220.3838084737754
1 1 5 5 8 220.3838084737754
1 1 5 6 8 220.3838084737754
1 1 5 7 8 220.3838084737754
1 1 5 8 8 220.3838084737754
1 1 5 9 8 220.3838084737754
1 1 5 10 8 220.3838084737754
1 1 5 11 8 220.3838084737754
1 1 5 12 8 220.3838084737754
1 1 5 13 8 220.3838084737754
1 1 5 14 8 220.3838084737754
1 1 5 15 8 220.3838084737754
1 1 5 16 20 224.15065915350812
1 1 5 17 20 224.15065915350812
1 1 5 18 20 224.15065915350812
1 1 5 19 20 224.15065915350812
1 1 5 20 20 224.15065915350812
1 1 5 21 20 224.15065915350812
1 1 5 22 20 224.15065915350812
1 1 5 23 20 224.15065915350812
1 1 5 24 20 224.15065915350812
1 1 5 25 20 224.15065915350812
1 1 5 26 20 224.15065915350812
1 1 5 27 20 224.15065915350812
1 1 5 28 20 224.15065915350812
1 1 5 29 20 224.15065915350812
1 1 5 30 20 224.15065915350812
1 1 5 31 20 224.15065915350812
1 2 0 0 13 241.51489880916122
1 2 0 1 13 241.51489880916122
1 2 0 2 13 241.51489880916122
1 2 0 3 13 241.51489880916122
1 2 0 4 13 241.51489880916122
1 2 0 5 13 241.51489880916122
1 2 0 6 13 241.51489880916122
1 2 0 7 13 241.51489880916122
1 2 0 8 13 241.51489880916122
1 2 0 9 13 241.51489880916122
1 2 0 10 13 241.51489880916122
1 2 0 11 13 241.51489880916122
1 2 0 12 13 241.51489880916122
1 2 0 13 13 241.51489880916122
1 2 0 14 13 241.51489880916122
1 2 0 15 13 241.51489880916122
1 2 0 16 28 192.70594017949793
1 2 0 17 28 192.70594017949793
1 2 0 18 28 192.70594017949793
1 2 0 19 28 192.70594017949793
1 2 0 20 28 192.70594017949793
1 2 0 21 28 192.70594017949793
1 2 0 22 28 192.70594017949793
1 2 0 23 28 192.70594017949793
1 2 0 24 28 192.70594017949793
1 2 0 25 28 192.70594017949793
1 2 0 26 28 192.70594017949793
1 2 0 27 28 192.70594017949793
1 2 0 28 28 192.70594017949793
1 2 0 29 28 192.70594017949793
1 2 0 30 28 192.70594017949793
1 2 0 31 28 192.70594017949793
1 2 1 0 11 193.680251068862
1 2 1 1 11 193.680251068862
1 2 1 2 11 193.680251068862
1 2 1 3 11 193.680251068862
1 2 1 4 11 193.680251068862
1 2 1 5 11 193.680251068862
1 2 1 6 11 193.680251068862
1 2 1 7 11 193.680251068862
1 2 1 8 11 193.680251068862
1 2 1 9 11 193.680251068862
1 2 1 10 11 193.680251068862
1 2 1 11 11 193.680251068862
1 2 1 12 11 193.680251068862
1 2 1 13 11 193.680251068862
1 2 1 14 11 193.680251068862
1 2 1 15 11 193.680251068862
1 2 1 16 30 215.90010003890401
1 2 1 17 30 215.90010003890401
1 2 1 18 30 215.90010003890401
1 2 1 19 30 215.90010003890401
1 2 1 20 30 215.90010003890401
1 2 1 21 30 215.90010003890401
1 2 1 22 30 215.90010003890401
1 2 1 23 30 215.90010003890401
1 2 1 24 30 215.90010003890401
1 2 1 25 30 215.90010003890401
1 2 1 26 30 215.90010003890401
1 2 1 27 30 215.90010003890401
1 2 1 28 30 215.90010003890401
1 2 1 29 30 215.90010003890401
1 2 1 30 30 215.90010003890401
1 2 1 31 30 215.90010003890401
1 2 2 0 9 194.1283564473296
1 2 2 1 9 194.1283564473296
1 2 2 2 9 194.1283564473296
1 2 2 3 9 194.1283564473296
1 2 2 4 9 194.1283564473296
1 2 2 5 9 194.1283564473296
1 2 2 6 9 194.1283564473296
1 2 2 7 9 194.1283564473296
1 2 2 8 9 194.1283564473296
1 2 2 9 9 194.1283564473296
1 2 2 10 9 194.1283564473296
1 2 2 11 9 194.1283564473296
1 2 2 12 9 194.1283564473296
1 2 2 13 9 194.1283564473296
1 2 2 14 9 194.1283564473296
1 2 2 15 9 194.1283564473296
1 2 2 16 24 211.88076914847332
1 2 2 17 24 211.88076914847332
1 2 2 18 24 211.88076914847332
1 2 2 19 24 211.88076914847332
1 2 2 20 24 211.88076914847332
1 2 2 21 24 211.88076914847332
1 2 2 22 24 211.88076914847332
1 2 2 23 24 211.88076914847332
1 2 2 24 24 211.88076914847332
1 2 2 25 24 211.88076914847332
1 2 2 26 24 211.88076914847332
1 2 2 27 24 211.88076914847332
1 2 2 28 24 211.88076914847332
1 2 2 29 24 211.88076914847332
1 2 2 30 24 211.88076914847332
1 2 2 31 24 211.88076914847332
1 2 3 0 7 214.97769473701615
1 2 3 1 7 214.97769473701615
1 2 3 2 7 214.97769473701615
1 2 3 3 7 214.97769473701615
1 2 3 4 7 214.97769473701615
1 2 3 5 7 214.97769473701615
1 2 3 6 7 214.97769473701615
1 2 3 7 7 214.97769473701615
1 2 3 8 7 214.97769473701615
1 2 3 9 7 214.97769473701615
1 2 3 10 7 214.97769473701615
1 2 3 11 7 214.97769473701615
1 2 3 12 7 214.97769473701615
1 2 3 13 7 214.97769473701615
1 2 3 14 7 214.97769473701615
1 2 3 15 7 214.97769473701615
1 2 3 16 29 205.61611481014936
1 2 3 17 29 205.61611481014936
1 2 3 18 29 205.61611481014936
1 2 3 19 29 205.61611481014936
1 2 3 20 29 205.61611481014936
1 2 3 21 29 205.61611481014936
1 2 3 22 29 205.61611481014936
1 2 3 23 29 205.61611481014936
1 2 3 24 29 205.61611481014936
1 2 3 25 29 205.61611481014936
1 2 3 26 29 205.61611481014936
1 2 3 27 29 205.61611481014936
1 2 3 28 29 205.61611481014936
1 2 3 29 29 205.61611481014936
1 2 3 30 29 205.61611481014936
1 2 3 31 29 205.61611481014936
1 2 4 0 2 221.4314938684504
1 2 4 1 2 221.4314938684504
1 2 4 2 2 221.4314938684504
1 2 4 3 2 221.4314938684504
1 2 4 4 2 221.4314938684504
1 2 4 5 2 221.4314938684504
1 2 4 6 2 221.4314938684504
1 2 4 7 2 221.4314938684504
1 2 4 8 2 221.4314938684504
1 2 4 9 2 221.4314938684504
1 2 4 10 2 221.4314938684504
1 2 4 11 2 221.4314938684504
1 2 4 12 2 221.4314938684504
1 2 4 13 2 221.4314938684504
1 2 4 14 2 221.4314938684504
1 2 4 15 2 221.4314938684504
1 2 4 16 21 234.8009260883292
1 2 4 17 21 234.8009260883292
1 2 4 18 21 234.8009260883292
1 2 4 19 21 234.8009260883292
1 2 4 20 21 234.8009260883292
1 2 4 21 21 234.8009260883292
1 2 4 22 21 234.8009260883292
1 2 4 23 21 234.8009260883292
1 2 4 24 21 234.8009260883292
1 2 4 25 21 234.8009260883292
1 2 4 26 21 234.8009260883292
1 2 4 27 21 234.8009260883292
1 2 4 28 21 234.8009260883292
1 2 4 29 21 234.8009260883292
1 2 4 30 21 234.8009260883292
1 2 4 31 21 234.8009260883292
1 2 5 0 15 203.01533731102896
1 2 5 1 15 203.01533731102896
1 2 5 2 15 203.01533731102896
1 2 5 3 15 203.01533731102896
1 2 5 4 15 203.01533731102896
1 2 5 5 15 203.01533731102896
1 2 5 6 15 203.01533731102896
1 2 5 7 15 203.01533731102896
1 2 5 8 15 203.01533731102896
1 2 5 9 15 203.01533731102896
1 2 5 10 15 203.01533731102896
1 2 5 11 15 203.01533731102896
1 2 5 12 15 203.01533731102896
1 2 5 13 15 203.01533731102896
1 2 5 14 15 203.01533731102896
1 2 5 15 15 203.01533731102896
1 2 5 16 28 219.32631518723002
1 2 5 17 28 219.32631518723002
1 2 5 18 28 219.32631518723002
1 2 5 19 28 219.32631518723002
1 2 5 20 28 219.32631518723002
1 2 5 21 28 219.32631518723002
1 2 5 22 28 219.32631518723002
1 2 5 23 28 219.32631518723002
1 2 5 24 28 219.32631518723002
1 2 5 25 28 219.32631518723002
1 2 5 26 28 219.32631518723002
1 2 5 27 28 219.32631518723002
1 2 5 28 28 219.32631518723002
1 2 5 29 28 219.32631518723002
1 2 5 30 28 219.32631518723002
1 2 5 31 28 219.32631518723002
1 4 0 0 3 192.04787788599484
1 4 0 1 3 192.04787788599484
1 4 0 2 3 192.04787788599484
1 4 0 3 3 192.04787788599484
1 4 0 4 3 192.04787788599484
1 4 0 5 3 192.04787788599484
1 4 0 6 3 192.04787788599484
1 4 0 7 3 192.04787788599484
1 4 0 8 3 192.04787788599484
1 4 0 9 3 192.04787788599484
1 4 0 10 3 192.04787788599484
1 4 0 11 3 192.04787788599484
1 4 0 12 3 192.04787788599484
1 4 0 13 3 192.04787788599484
1 4 0 14 3 192.04787788599484
1 4 0 15 3 192.04787788599484
1 4 0 16 25 214.7338850174216
1 4 0 17 25 214.7338850174216
1 4 0 18 25 214.7338850174216
1 4 0 19 25 214.7338850174216
1 4 0 20 25 214.7338850174216
1 4 0 21 25 214.7338850174216
1 4 0 22 25 214.7338850174216
1 4 0 23 25 214.7338850174216
1 4 0 24 25 214.7338850174216
1 4 0 25 25 214.7338850174216
1 4 0 26 25 214.7338850174216
1 4 0 27 25 214.7338850174216
1 4 0 28 25 214.7338850174216
1 4 0 29 25 214.7338850174216
1 4 0 30 25 214.7338850174216
1 4 0 31 25 214.7338850174216
1 4 1 0 1 203.8003747574115
1 4 1 1 1 203.8003747574115
1 4 1 2 1 203.8003747574115
1 4 1 3 1 203.8003747574115
1 4 1 4 1 203.8003747574115
1 4 1 5 1 203.8003747574115
1 4 1 6 1 203.8003747574115
1 4 1 7 1 203.8003747574115
1 4 1 8 1 203.8003747574115
1 4 1 9 1 203.8003747574115
1 4 1 10 1 203.8003747574115
1 4 1 11 1 203.8003747574115
1 4 1 12 1 203.8003747574115
1 4 1 13 1 203.8003747574115
1 4 1 14 1 203.8003747574115
1 4 1 15 1 203.8003747574115
1 4 1 16 29 237.98811700182816
1 4 1 17 29 237.98811700182816
1 4 1 18 29 237.98811700182816
1 4 1 19 29 237.98811700182816
1 4 1 20 29 237.98811700182816
1 4 1 21 29 237.98811700182816
1 4 1 22 29 237.98811700182816
1 4 1 23 29 237.98811700182816
1 4 1 24 29 237.98811700182816
1 4 1 25 29 237.98811700182816
1 4 1 26 29 237.98811700182816
1 4 1 27 29 237.98811700182816
1 4 1 28 29 237.98811700182816
1 4 1 29 29 237.98811700182816
1 4 1 30 29 237.98811700182816
1 4 1 31 29 237.98811700182816
1 4 2 0 12 219.006385950908
1 4 2 1 12 219.006385950908
1 4 2 2 12 219.006385950908
1 4 2 3 12 219.006385950908
1 4 2 4 12 219.006385950908
1 4 2 5 12 219.006385950908
1 4 2 6 12 219.006385950908
1 4 2 7 12 219.006385950908
1 4 2 8 12 219.006385950908
1 4 2 9 12 219.006385950908
1 4 2 10 12 219.006385950908
1 4 2 11 12 219.006385950908
1 4 2 12 12 219.006385950908
1 4 2 13 12 219.006385950908
1 4 2 14 12 219.006385950908
1 4 2 15 12 219.006385950908
1 4 2 16 24 264.31580723795236
1 4 2 17 24 264.31580723795236
1 4 2 18 24 264.31580723795236
1 4 2 19 24 264.31580723795236
1 4 2 20 24 264.31580723795236
1 4 2 21 24 264.31580723795236
1 4 2 22 24 264.31580723795236
1 4 2 23 24 264.31580723795236
1 4 2 24 24 264.31580723795236
1 4 2 25 24 264.31580723795236
1 4 2 26 24 264.31580723795236
1 4 2 27 24 264.31580723795236
1 4 2 28 24 264.31580723795236
1 4 2 29 24 264.31580723795236
1 4 2 30 24 264.31580723795236
1 4 2 31 24 264.31580723795236
1 4 3 0 11 192.44476516634052
1 4 3 1 11 192.44476516634052
1 4 3 2 11 192.44476516634052
1 4 3 3 11 192.44476516634052
1 4 3 4 11 192.44476516634052
1 4 3 5 11 192.44476516634052
1 4 3 6 11 192.44476516634052
1 4 3 7 11 192.44476516634052
1 4 3 8 11 192.44476516634052
1 4 3 9 11 192.44476516634052
1 4 3 10 11 192.44476516634052
1 4 3 11 11 192.44476516634052
1 4 3 12 11 192.44476516634052
1 4 3 13 11 192.44476516634052
1 4 3 14 11 192.44476516634052
1 4 3 15 11 192.44476516634052
1 4 3 16 21 217.44250039142008
1 4 3 17 21 217.44250039142008
1 4 3 18 21 217.44250039142008
1 4 3 19 21 217.44250039142008
1 4 3 20 21 217.44250039142008
1 4 3 21 21 217.44250039142008
1 4 3 22 21 217.44250039142008
1 4 3 23 21 217.44250039142008
1 4 3 24 21 217.44250039142008
1 4 3 25 21 217.44250039142008
1 4 3 26 21 217.44250039142008
1 4 3 27 21 217.44250039142008
1 4 3 28 21 217.44250039142008
1 4 3 29 21 217.44250039142008
1 4 3 30 21 217.44250039142008
1 4 3 31 21 217.44250039142008
1 4 4 0 14 192.37722470365915
1 4 4 1 14 192.37722470365915
1 4 4 2 14 192.37722470365915
1 4 4 3 14 192.37722470365915
1 4 4 4 14 192.37722470365915
1 4 4 5 14 192.37722470365915
1 4 4 6 14 192.37722470365915
1 4 4 7 14 192.37722470365915
1 4 4 8 14 192.37722470365915
1 4 4 9 14 192.37722470365915
1 4 4 10 14 192.37722470365915
1 4 4 11 14 192.37722470365915
1 4 4 12 14 192.37722470365915
1 4 4 13 14 192.37722470365915
1 4 4 14 14 192.37722470365915
1 4 4 15 14 192.37722470365915
1 4 4 16 24 454.3466666666667
1 4 4 17 24 454.3466666666667
1 4 4 18 24 454.3466666666667
1 4 4 19 24 454.3466666666667
1 4 4 20 24 454.3466666666667
1 4 4 21 24 454.3466666666667
1 4 4 22 24 454.3466666666667
1 4 4 23 24 454.3466666666667
1 4 4 24 24 454.3466666666667
1 4 4 25 24 454.3466666666667
1 4 4 26 24 454.3466666666667
1 4 4 27 24 454.3466666666667
1 4 4 28 24 454.3466666666667
1 4 4 29 24 454.3466666666667
1 4 4 30 24 454.3466666666667
1 4 4 31 24 454.3466666666667
1 4 5 0 8 258.67982253147994
1 4 5 1 8 258.67982253147994
1 4 5 2 8 258.67982253147994
1 4 5 3 8 258.67982253147994
1 4 5 4 8 258.67982253147994
1 4 5 5 8 258.67982253147994
1 4 5 6 8 258.67982253147994
1 4 5 7 8 258.67982253147994
1 4 5 8 8 258.67982253147994
1 4 5 9 8 258.67982253147994
1 4 5 10 8 258.67982253147994
1 4 5 11 8 258.67982253147994
1 4 5 12 8 258.67982253147994
1 4 5 13 8 258.67982253147994
1 4 5 14 8 258.67982253147994
1 4 5 15 8 258.67982253147994
1 4 5 16 21 279.9646796789541
1 4 5 17 21 279.9646796789541
1 4 5 18 21 279.9646796789541
1 4 5 19 21 279.9646796789541
1 4 5 20 21 279.9646796789541
1 4 5 21 21 279.9646796789541
1 4 5 22 21 279.9646796789541
1 4 5 23 21 279.9646796789541
1 4 5 24 21 279.9646796789541
1 4 5 25 21 279.9646796789541
1 4 5 26 21 279.9646796789541
1 4 5 27 21 279.9646796789541
1 4 5 28 21 279.9646796789541
1 4 5 29 21 279.9646796789541
1 4 5 30 21 279.9646796789541
1 4 5 31 21 279.9646796789541
1 5 0 0 12 238.61524740772578
1 5 0 1 12 238.61524740772578
1 5 0 2 12 238.61524740772578
1 5 0 3 12 238.61524740772578
1 5 0 4 12 238.61524740772578
1 5 0 5 12 238.61524740772578
1 5 0 6 12 238.61524740772578
1 5 0 7 12 238.61524740772578
1 5 0 8 12 238.61524740772578
1 5 0 9 12 238.61524740772578
1 5 0 10 12 238.61524740772578
1 5 0 11 12 238.61524740772578
1 5 0 12 12 238.61524740772578
1 5 0 13 12 238.61524740772578
1 5 0 14 12 238.61524740772578
1 5 0 15 12 238.61524740772578
1 5 0 16 27 215.75986317929556
1 5 0 17 27 215.75986317929556
1 5 0 18 27 215.75986317929556
1 5 0 19 27 215.75986317929556
1 5 0 20 27 215.75986317929556
1 5 0 21 27 215.75986317929556
1 5 0 22 27 215.75986317929556
1 5 0 23 27 215.75986317929556
1 5 0 24 27 215.75986317929556
1 5 0 25 27 215.75986317929556
1 5 0 26 27 215.75986317929556
1 5 0 27 27 215.75986317929556
1 5 0 28 27 215.75986317929556
1 5 0 29 27 215.75986317929556
1 5 0 30 27 215.75986317929556
1 5 0 31 27 215.75986317929556
1 5 1 0 1 269.42247672528447
1 5 1 1 1 269.42247672528447
1 5 1 2 1 269.42247672528447
1 5 1 3 1 269.42247672528447
1 5 1 4 1 269.42247672528447
1 5 1 5 1 269.42247672528447
1 5 1 6 1 269.42247672528447
1 5 1 7 1 269.42247672528447
1 5 1 8 1 269.42247672528447
1 5 1 9 1 269.42247672528447
1 5 1 10 1 269.42247672528447
1 5 1 11 1 269.42247672528447
1 5 1 12 1 269.42247672528447
1 5 1 13 1 269.42247672528447
1 5 1 14 1 269.42247672528447
1 5 1 15 1 269.42247672528447
1 5 1 16 20 261.26176202623907
1 5 1 17 20 261.26176202623907
1 5 1 18 20 261.26176202623907
1 5 1 19 20 261.26176202623907
1 5 1 20 20 261.26176202623907
1 5 1 21 20 261.26176202623907
1 5 1 22 20 261.26176202623907
1 5 1 23 20 261.26176202623907
1 5 1 24 20 261.26176202623907
1 5 1 25 20 261.26176202623907
1 5 1 26 20 261.26176202623907
1 5 1 27 20 261.26176202623907
1 5 1 28 20 261.26176202623907
1 5 1 29 20 261.26176202623907
1 5 1 30 20 261.26176202623907
1 5 1 31 20 261.26176202623907
1 5 2 0 3 226.80728614383452
1 5 2 1 3 226.80728614383452
1 5 2 2 3 226.80728614383452
1 5 2 3 3 226.80728614383452
1 5 2 4 3 226.80728614383452
1 5 2 5 3 226.80728614383452
1 5 2 6 3 226.80728614383452
1 5 2 7 3 226.80728614383452
1 5 2 8 3 226.80728614383452
1 5 2 9 3 226.80728614383452
1 5 2 10 3 226.80728614383452
1 5 2 11 3 226.80728614383452
1 5 2 12 3 226.80728614383452
1 5 2 13 3 226.80728614383452
1 5 2 14 3 226.80728614383452
1 5 2 15 3 226.80728614383452
1 5 2 16 19 197.74934629899224
1 5 2 17 19 197.74934629899224
1 5 2 18 19 197.74934629899224
1 5 2 19 19 197.74934629899224
1 5 2 20 19 197.74934629899224
1 5 2 21 19 197.74934629899224
1 5 2 22 19 197.74934629899224
1 5 2 23 19 197.74934629899224
1 5 2 24 19 197.74934629899224
1 5 2 25 19 197.74934629899224
1 5 2 26 19 197.74934629899224
1 5 2 27 19 197.74934629899224
1 5 2 28 19 197.74934629899224
1 5 2 29 19 197.74934629899224
1 5 2 30 19 197.74934629899224
1 5 2 31 19 197.74934629899224
1 5 3 0 11 212.74051351965463
1 5 3 1 11 212.74051351965463
1 5 3 2 11 212.74051351965463
1 5 3 3 11 212.74051351965463
1 5 3 4 11 212.74051351965463
1 5 3 5 11 212.74051351965463
1 5 3 6 11 212.74051351965463
1 5 3 7 11 212.74051351965463
1 5 3 8 11 212.74051351965463
1 5 3 9 11 212.74051351965463
1 5 3 10 11 212.74051351965463
1 5 3 11 11 212.74051351965463
1 5 3 12 11 212.74051351965463
1 5 3 13 11 212.74051351965463
1 5 3 14 11 212.74051351965463
1 5 3 15 11 212.74051351965463
1 5 3 16 23 220.81146949355727
1 5 3 17 23 220.81146949355727
1 5 3 18 23 220.81146949355727
1 5 3 19 23 220.81146949355727
1 5 3 20 23 220.81146949355727
1 5 3 21 23 220.81146949355727
1 5 3 22 23 220.81146949355727
1 5 3 23 23 220.81146949355727
1 5 3 24 23 220.81146949355727
1 5 3 25 23 220.81146949355727
1 5 3 26 23 220.81146949355727
1 5 3 27 23 220.81146949355727
1 5 3 28 23 220.81146949355727
1 5 3 29 23 220.81146949355727
1 5 3 30 23 220.81146949355727
1 5 3 31 23 220.81146949355727
1 5 4 0 11 194.43439783083528
1 5 4 1 11 194.43439783083528
1 5 4 2 11 194.43439783083528
1 5 4 3 11 194.43439783083528
1 5 4 4 11 194.43439783083528
1 5 4 5 11 194.43439783083528
1 5 4 6 11 194.43439783083528
1 5 4 7 11 194.43439783083528
1 5 4 8 11 194.43439783083528
1 5 4 9 11 194.43439783083528
1 5 4 10 11 194.43439783083528
1 5 4 11 11 194.43439783083528
1 5 4 12 11 194.43439783083528
1 5 4 13 11 194.43439783083528
1 5 4 14 11 194.43439783083528
1 5 4 15 11 194.43439783083528
1 5 4 16 23 206.06455852555874
1 5 4 17 23 206.06455852555874
1 5 4 18 23 206.06455852555874
1 5 4 19 23 206.06455852555874
1 5 4 20 23 206.06455852555874
1 5 4 21 23 206.06455852555874
1 5 4 22 23 206.06455852555874
1 5 4 23 23 206.06455852555874
1 5 4 24 23 206.06455852555874
1 5 4 25 23 206.06455852555874
1 5 4 26 23 206.06455852555874
1 5 4 27 23 206.06455852555874
1 5 4 28 23 206.06455852555874
1 5 4 29 23 206.06455852555874
1 5 4 30 23 206.06455852555874
1 5 4 31 23 206.06455852555874
1 5 5 0 11 181.7450077134042
1 5 5 1 11 181.7450077134042
1 5 5 2 11 181.7450077134042
1 5 5 3 11 181.7450077134042
1 5 5 4 11 181.7450077134042
1 5 5 5 11 181.7450077134042
1 5 5 6 11 181.7450077134042
1 5 5 7 11 181.7450077134042
1 5 5 8 11 181.7450077134042
1 5 5 9 11 181.7450077134042
1 5 5 10 11 181.7450077134042
1 5 5 11 11 181.7450077134042
1 5 5 12 11 181.7450077134042
1 5 5 13 11 181.7450077134042
1 5 5 14 11 181.7450077134042
1 5 5 15 11 181.7450077134042
1 5 5 16 23 189.4424522333291
1 5 5 17 23 189.4424522333291
1 5 5 18 23 189.4424522333291
1 5 5 19 23 189.4424522333291
1 5 5 20 23 189.4424522333291
1 5 5 21 23 189.4424522333291
1 5 5 22 23 189.4424522333291
1 5 5 23 23 189.4424522333291
1 5 5 24 23 189.4424522333291
1 5 5 25 23 189.4424522333291
1 5 5 26 23 189.4424522333291
1 5 5 27 23 189.4424522333291
1 5 5 28 23 189.4424522333291
1 5 5 29 23 189.4424522333291
1 5 5 30 23 189.4424522333291
1 5 5 31 23 189.4424522333291
