0 0 0 0 8 242.4254117335005
0 0 0 1 8 242.4254117335005
0 0 0 2 8 242.4254117335005
0 0 0 3 8 242.4254117335005
0 0 0 4 8 242.4254117335005
0 0 0 5 8 242.4254117335005
0 0 0 6 8 242.4254117335005
0 0 0 7 8 242.4254117335005
0 0 0 8 8 242.4254117335005
0 0 0 9 8 242.4254117335005
0 0 0 10 8 242.4254117335005
0 0 0 11 8 242.4254117335005
0 0 0 12 8 242.4254117335005
0 0 0 13 8 242.4254117335005
0 0 0 14 8 242.4254117335005
0 0 0 15 8 242.4254117335005
0 0 0 16 24 269.06664438671277
0 0 0 17 24 269.06664438671277
0 0 0 18 24 269.06664438671277
0 0 0 19 24 269.06664438671277
0 0 0 20 24 269.06664438671277
0 0 0 21 24 269.06664438671277
0 0 0 22 24 269.06664438671277
0 0 0 23 24 269.06664438671277
0 0 0 24 24 269.06664438671277
0 0 0 25 24 269.06664438671277
0 0 0 26 24 269.06664438671277
0 0 0 27 24 269.06664438671277
0 0 0 28 24 269.06664438671277
0 0 0 29 24 269.06664438671277
0 0 0 30 24 269.06664438671277
0 0 0 31 24 269.06664438671277
0 0 1 0 13 241.4218186051927
0 0 1 1 13 241.4218186051927
0 0 1 2 13 241.4218186051927
0 0 1 3 13 241.4218186051927
0 0 1 4 13 241.4218186051927
0 0 1 5 13 241.4218186051927
0 0 1 6 13 241.4218186051927
0 0 1 7 13 241.4218186051927
0 0 1 8 13 241.4218186051927
0 0 1 9 13 241.4218186051927
0 0 1 10 13 241.4218186051927
0 0 1 11 13 241.4218186051927
0 0 1 12 13 241.4218186051927
0 0 1 13 13 241.4218186051927
0 0 1 14 13 241.4218186051927
0 0 1 15 13 241.4218186051927
0 0 1 16 25 224.5226064212009
0 0 1 17 25 224.5226064212009
0 0 1 18 25 224.5226064212009
0 0 1 19 25 224.5226064212009
0 0 1 20 25 224.5226064212009
0 0 1 21 25 224.5226064212009
0 0 1 22 25 224.5226064212009
0 0 1 23 25 224.5226064212009
0 0 1 24 25 224.5226064212009
0 0 1 25 25 224.5226064212009
0 0 1 26 25 224.5226064212009
0 0 1 27 25 224.5226064212009
0 0 1 28 25 224.5226064212009
0 0 1 29 25 224.5226064212009
0 0 1 30 25 224.5226064212009
0 0 1 31 25 224.5226064212009
0 0 2 0 9 222.89728486181832
0 0 2 1 9 222.89728486181832
0 0 2 2 9 222.89728486181832
0 0 2 3 9 222.89728486181832
0 0 2 4 9 222.89728486181832
0 0 2 5 9 222.89728486181832
0 0 2 6 9 222.89728486181832
0 0 2 7 9 222.89728486181832
0 0 2 8 9 222.89728486181832
0 0 2 9 9 222.89728486181832
0 0 2 10 9 222.89728486181832
0 0 2 11 9 222.89728486181832
0 0 2 12 9 222.89728486181832
0 0 2 13 9 222.89728486181832
0 0 2 14 9 222.89728486181832
0 0 2 15 9 222.89728486181832
0 0 2 16 23 243.86386497537524
0 0 2 17 23 243.86386497537524
0 0 2 18 23 243.86386497537524
0 0 2 19 23 243.86386497537524
0 0 2 20 23 243.86386497537524
0 0 2 21 23 243.86386497537524
0 0 2 22 23 243.86386497537524
0 0 2 23 23 243.86386497537524
0 0 2 24 23 243.86386497537524
0 0 2 25 23 243.86386497537524
0 0 2 26 23 243.86386497537524
0 0 2 27 23 243.86386497537524
0 0 2 28 23 243.86386497537524
0 0 2 29 23 243.86386497537524
0 0 2 30 23 243.86386497537524
0 0 2 31 23 243.86386497537524
0 0 3 0 8 275.32774834945496
0 0 3 1 8 275.32774834945496
0 0 3 2 8 275.32774834945496
0 0 3 3 8 275.32774834945496
0 0 3 4 8 275.32774834945496
0 0 3 5 8 275.32774834945496
0 0 3 6 8 275.32774834945496
0 0 3 7 8 275.32774834945496
0 0 3 8 8 275.32774834945496
0 0 3 9 8 275.32774834945496
0 0 3 10 8 275.32774834945496
0 0 3 11 8 275.32774834945496
0 0 3 12 8 275.32774834945496
0 0 3 13 8 275.32774834945496
0 0 3 14 8 275.32774834945496
0 0 3 15 8 275.32774834945496
0 0 3 16 30 323.8219683622944
0 0 3 17 30 323.8219683622944
0 0 3 18 30 323.8219683622944
0 0 3 19 30 323.8219683622944
0 0 3 20 30 323.8219683622944
0 0 3 21 30 323.8219683622944
0 0 3 22 30 323.8219683622944
0 0 3 23 30 323.8219683622944
0 0 3 24 30 323.8219683622944
0 0 3 25 30 323.8219683622944
0 0 3 26 30 323.8219683622944
0 0 3 27 30 323.8219683622944
0 0 3 28 30 323.8219683622944
0 0 3 29 30 323.8219683622944
0 0 3 30 30 323.8219683622944
0 0 3 31 30 323.8219683622944
0 0 4 0 9 249.26141402437665
0 0 4 1 9 249.26141402437665
0 0 4 2 9 249.26141402437665
0 0 4 3 9 249.26141402437665
0 0 4 4 9 249.26141402437665
0 0 4 5 9 249.26141402437665
0 0 4 6 9 249.26141402437665
0 0 4 7 9 249.26141402437665
0 0 4 8 9 249.26141402437665
0 0 4 9 9 249.26141402437665
0 0 4 10 9 249.26141402437665
0 0 4 11 9 249.26141402437665
0 0 4 12 9 249.26141402437665
0 0 4 13 9 249.26141402437665
0 0 4 14 9 249.26141402437665
0 0 4 15 9 249.26141402437665
0 0 4 16 19 264.52236987818384
0 0 4 17 19 264.52236987818384
0 0 4 18 19 264.52236987818384
0 0 4 19 19 264.52236987818384
0 0 4 20 19 264.52236987818384
0 0 4 21 19 264.52236987818384
0 0 4 22 19 264.52236987818384
0 0 4 23 19 264.52236987818384
0 0 4 24 19 264.52236987818384
0 0 4 25 19 264.52236987818384
0 0 4 26 19 264.52236987818384
0 0 4 27 19 264.52236987818384
0 0 4 28 19 264.52236987818384
0 0 4 29 19 264.52236987818384
0 0 4 30 19 264.52236987818384
0 0 4 31 19 264.52236987818384
0 0 5 0 10 279.11403055576056
0 0 5 1 10 279.11403055576056
0 0 5 2 10 279.11403055576056
0 0 5 3 10 279.11403055576056
0 0 5 4 10 279.11403055576056
0 0 5 5 10 279.11403055576056
0 0 5 6 10 279.11403055576056
0 0 5 7 10 279.11403055576056
0 0 5 8 10 279.11403055576056
0 0 5 9 10 279.11403055576056
0 0 5 10 10 279.11403055576056
0 0 5 11 10 279.11403055576056
0 0 5 12 10 279.11403055576056
0 0 5 13 10 279.11403055576056
0 0 5 14 10 279.11403055576056
0 0 5 15 10 279.11403055576056
0 0 5 16 17 231.2194508184835
0 0 5 17 17 231.2194508184835
0 0 5 18 17 231.2194508184835
0 0 5 19 17 231.2194508184835
0 0 5 20 17 231.2194508184835
0 0 5 21 17 231.2194508184835
0 0 5 22 17 231.2194508184835
0 0 5 23 17 231.2194508184835
0 0 5 24 17 231.2194508184835
0 0 5 25 17 231.2194508184835
0 0 5 26 17 231.2194508184835
0 0 5 27 17 231.2194508184835
0 0 5 28 17 231.2194508184835
0 0 5 29 17 231.2194508184835
0 0 5 30 17 231.2194508184835
0 0 5 31 17 231.2194508184835
0 1 0 0 12 206.47211200643233
0 1 0 1 12 206.47211200643233
0 1 0 2 12 206.47211200643233
0 1 0 3 12 206.47211200643233
0 1 0 4 12 206.47211200643233
0 1 0 5 12 206.47211200643233
0 1 0 6 12 206.47211200643233
0 1 0 7 12 206.47211200643233
0 1 0 8 12 206.47211200643233
0 1 0 9 12 206.47211200643233
0 1 0 10 12 206.47211200643233
0 1 0 11 12 206.47211200643233
0 1 0 12 12 206.47211200643233
0 1 0 13 12 206.47211200643233
0 1 0 14 12 206.47211200643233
0 1 0 15 12 206.47211200643233
0 1 0 16 18 263.17909730389937
0 1 0 17 18 263.17909730389937
0 1 0 18 18 263.17909730389937
0 1 0 19 18 263.17909730389937
0 1 0 20 18 263.17909730389937
0 1 0 21 18 263.17909730389937
0 1 0 22 18 263.17909730389937
0 1 0 23 18 263.17909730389937
0 1 0 24 18 263.17909730389937
0 1 0 25 18 263.17909730389937
0 1 0 26 18 263.17909730389937
0 1 0 27 18 263.17909730389937
0 1 0 28 18 263.17909730389937
0 1 0 29 18 263.17909730389937
0 1 0 30 18 263.17909730389937
0 1 0 31 18 263.17909730389937
0 1 1 0 13 237.5280686824479
0 1 1 1 13 237.5280686824479
0 1 1 2 13 237.5280686824479
0 1 1 3 13 237.5280686824479
0 1 1 4 13 237.5280686824479
0 1 1 5 13 237.5280686824479
0 1 1 6 13 237.5280686824479
0 1 1 7 13 237.5280686824479
0 1 1 8 13 237.5280686824479
0 1 1 9 13 237.5280686824479
0 1 1 10 13 237.5280686824479
0 1 1 11 13 237.5280686824479
0 1 1 12 13 237.5280686824479
0 1 1 13 13 237.5280686824479
0 1 1 14 13 237.5280686824479
0 1 1 15 13 237.5280686824479
0 1 1 16 17 280.5008104154168
0 1 1 17 17 280.5008104154168
0 1 1 18 17 280.5008104154168
0 1 1 19 17 280.5008104154168
0 1 1 20 17 280.5008104154168
0 1 1 21 17 280.5008104154168
0 1 1 22 17 280.5008104154168
0 1 1 23 17 280.5008104154168
0 1 1 24 17 280.5008104154168
0 1 1 25 17 280.5008104154168
0 1 1 26 17 280.5008104154168
0 1 1 27 17 280.5008104154168
0 1 1 28 17 280.5008104154168
0 1 1 29 17 280.5008104154168
0 1 1 30 17 280.5008104154168
0 1 1 31 17 280.5008104154168
0 1 2 0 15 275.36501155643333
0 1 2 1 15 275.36501155643333
0 1 2 2 15 275.36501155643333
0 1 2 3 15 275.36501155643333
0 1 2 4 15 275.36501155643333
0 1 2 5 15 275.36501155643333
0 1 2 6 15 275.36501155643333
0 1 2 7 15 275.36501155643333
0 1 2 8 15 275.36501155643333
0 1 2 9 15 275.36501155643333
0 1 2 10 15 275.36501155643333
0 1 2 11 15 275.36501155643333
0 1 2 12 15 275.36501155643333
0 1 2 13 15 275.36501155643333
0 1 2 14 15 275.36501155643333
0 1 2 15 15 275.36501155643333
0 1 2 16 19 287.51926553512226
0 1 2 17 19 287.51926553512226
0 1 2 18 19 287.51926553512226
0 1 2 19 19 287.51926553512226
0 1 2 20 19 287.51926553512226
0 1 2 21 19 287.51926553512226
0 1 2 22 19 287.51926553512226
0 1 2 23 19 287.51926553512226
0 1 2 24 19 287.51926553512226
0 1 2 25 19 287.51926553512226
0 1 2 26 19 287.51926553512226
0 1 2 27 19 287.51926553512226
0 1 2 28 19 287.51926553512226
0 1 2 29 19 287.51926553512226
0 1 2 30 19 287.51926553512226
0 1 2 31 19 287.51926553512226
0 1 3 0 13 222.9103574136668
0 1 3 1 13 222.9103574136668
0 1 3 2 13 222.9103574136668
0 1 3 3 13 222.9103574136668
0 1 3 4 13 222.9103574136668
0 1 3 5 13 222.9103574136668
0 1 3 6 13 222.9103574136668
0 1 3 7 13 222.9103574136668
0 1 3 8 13 222.9103574136668
0 1 3 9 13 222.9103574136668
0 1 3 10 13 222.9103574136668
0 1 3 11 13 222.9103574136668
0 1 3 12 13 222.9103574136668
0 1 3 13 13 222.9103574136668
0 1 3 14 13 222.9103574136668
0 1 3 15 13 222.9103574136668
0 1 3 16 30 221.90613723131636
0 1 3 17 30 221.90613723131636
0 1 3 18 30 221.90613723131636
0 1 3 19 30 221.90613723131636
0 1 3 20 30 221.90613723131636
0 1 3 21 30 221.90613723131636
0 1 3 22 30 221.90613723131636
0 1 3 23 30 221.90613723131636
0 1 3 24 30 221.90613723131636
0 1 3 25 30 221.90613723131636
0 1 3 26 30 221.90613723131636
0 1 3 27 30 221.90613723131636
0 1 3 28 30 221.90613723131636
0 1 3 29 30 221.90613723131636
0 1 3 30 30 221.90613723131636
0 1 3 31 30 221.90613723131636
0 1 4 0 12 210.53942863557276
0 1 4 1 12 210.53942863557276
0 1 4 2 12 210.53942863557276
0 1 4 3 12 210.53942863557276
0 1 4 4 12 210.53942863557276
0 1 4 5 12 210.53942863557276
0 1 4 6 12 210.53942863557276
0 1 4 7 12 210.53942863557276
0 1 4 8 12 210.53942863557276
0 1 4 9 12 210.53942863557276
0 1 4 10 12 210.53942863557276
0 1 4 11 12 210.53942863557276
0 1 4 12 12 210.53942863557276
0 1 4 13 12 210.53942863557276
0 1 4 14 12 210.53942863557276
0 1 4 15 12 210.53942863557276
0 1 4 16 16 229.69958519153246
0 1 4 17 16 229.69958519153246
0 1 4 18 16 229.69958519153246
0 1 4 19 16 229.69958519153246
0 1 4 20 16 229.69958519153246
0 1 4 21 16 229.69958519153246
0 1 4 22 16 229.69958519153246
0 1 4 23 16 229.69958519153246
0 1 4 24 16 229.69958519153246
0 1 4 25 16 229.69958519153246
0 1 4 26 16 229.69958519153246
0 1 4 27 16 229.69958519153246
0 1 4 28 16 229.69958519153246
0 1 4 29 16 229.69958519153246
0 1 4 30 16 229.69958519153246
0 1 4 31 16 229.69958519153246
0 1 5 0 8 275.874687553165
0 1 5 1 8 275.874687553165
0 1 5 2 8 275.874687553165
0 1 5 3 8 275.874687553165
0 1 5 4 8 275.874687553165
0 1 5 5 8 275.874687553165
0 1 5 6 8 275.874687553165
0 1 5 7 8 275.874687553165
0 1 5 8 8 275.874687553165
0 1 5 9 8 275.874687553165
0 1 5 10 8 275.874687553165
0 1 5 11 8 275.874687553165
0 1 5 12 8 275.874687553165
0 1 5 13 8 275.874687553165
0 1 5 14 8 275.874687553165
0 1 5 15 8 275.874687553165
0 1 5 16 19 268.36232349384835
0 1 5 17 19 268.36232349384835
0 1 5 18 19 268.36232349384835
0 1 5 19 19 268.36232349384835
0 1 5 20 19 268.36232349384835
0 1 5 21 19 268.36232349384835
0 1 5 22 19 268.36232349384835
0 1 5 23 19 268.36232349384835
0 1 5 24 19 268.36232349384835
0 1 5 25 19 268.36232349384835
0 1 5 26 19 268.36232349384835
0 1 5 27 19 268.36232349384835
0 1 5 28 19 268.36232349384835
0 1 5 29 19 268.36232349384835
0 1 5 30 19 268.36232349384835
0 1 5 31 19 268.36232349384835
0 3 0 0 11 220.07972934987754
0 3 0 1 11 220.07972934987754
0 3 0 2 11 220.07972934987754
0 3 0 3 11 220.07972934987754
0 3 0 4 11 220.07972934987754
0 3 0 5 11 220.07972934987754
0 3 0 6 11 220.07972934987754
0 3 0 7 11 220.07972934987754
0 3 0 8 11 220.07972934987754
0 3 0 9 11 220.07972934987754
0 3 0 10 11 220.07972934987754
0 3 0 11 11 220.07972934987754
0 3 0 12 11 220.07972934987754
0 3 0 13 11 220.07972934987754
0 3 0 14 11 220.07972934987754
0 3 0 15 11 220.07972934987754
0 3 0 16 17 273.5311267455495
0 3 0 17 17 273.5311267455495
0 3 0 18 17 273.5311267455495
0 3 0 19 17 273.5311267455495
0 3 0 20 17 273.5311267455495
0 3 0 21 17 273.5311267455495
0 3 0 22 17 273.5311267455495
0 3 0 23 17 273.5311267455495
0 3 0 24 17 273.5311267455495
0 3 0 25 17 273.5311267455495
0 3 0 26 17 273.5311267455495
0 3 0 27 17 273.5311267455495
0 3 0 28 17 273.5311267455495
0 3 0 29 17 273.5311267455495
0 3 0 30 17 273.5311267455495
0 3 0 31 17 273.5311267455495
0 3 1 0 9 188.88092960441168
0 3 1 1 9 188.88092960441168
0 3 1 2 9 188.88092960441168
0 3 1 3 9 188.88092960441168
0 3 1 4 9 188.88092960441168
0 3 1 5 9 188.88092960441168
0 3 1 6 9 188.88092960441168
0 3 1 7 9 188.88092960441168
0 3 1 8 9 188.88092960441168
0 3 1 9 9 188.88092960441168
0 3 1 10 9 188.88092960441168
0 3 1 11 9 188.88092960441168
0 3 1 12 9 188.88092960441168
0 3 1 13 9 188.88092960441168
0 3 1 14 9 188.88092960441168
0 3 1 15 9 188.88092960441168
0 3 1 16 23 259.9080332197941
0 3 1 17 23 259.9080332197941
0 3 1 18 23 259.9080332197941
0 3 1 19 23 259.9080332197941
0 3 1 20 23 259.9080332197941
0 3 1 21 23 259.9080332197941
0 3 1 22 23 259.9080332197941
0 3 1 23 23 259.9080332197941
0 3 1 24 23 259.9080332197941
0 3 1 25 23 259.9080332197941
0 3 1 26 23 259.9080332197941
0 3 1 27 23 259.9080332197941
0 3 1 28 23 259.9080332197941
0 3 1 29 23 259.9080332197941
0 3 1 30 23 259.9080332197941
0 3 1 31 23 259.9080332197941
0 3 2 0 11 263.484513829627
0 3 2 1 11 263.484513829627
0 3 2 2 11 263.484513829627
0 3 2 3 11 263.484513829627
0 3 2 4 11 263.484513829627
0 3 2 5 11 263.484513829627
0 3 2 6 11 263.484513829627
0 3 2 7 11 263.484513829627
0 3 2 8 11 263.484513829627
0 3 2 9 11 263.484513829627
0 3 2 10 11 263.484513829627
0 3 2 11 11 263.484513829627
0 3 2 12 11 263.484513829627
0 3 2 13 11 263.484513829627
0 3 2 14 11 263.484513829627
0 3 2 15 11 263.484513829627
0 3 2 16 23 259.90380101593973
0 3 2 17 23 259.90380101593973
0 3 2 18 23 259.90380101593973
0 3 2 19 23 259.90380101593973
0 3 2 20 23 259.90380101593973
0 3 2 21 23 259.90380101593973
0 3 2 22 23 259.90380101593973
0 3 2 23 23 259.90380101593973
0 3 2 24 23 259.90380101593973
0 3 2 25 23 259.90380101593973
0 3 2 26 23 259.90380101593973
0 3 2 27 23 259.90380101593973
0 3 2 28 23 259.90380101593973
0 3 2 29 23 259.90380101593973
0 3 2 30 23 259.90380101593973
0 3 2 31 23 259.90380101593973
0 3 4 0 11 279.9485586282301
0 3 4 1 11 279.9485586282301
0 3 4 2 11 279.9485586282301
0 3 4 3 11 279.9485586282301
0 3 4 4 11 279.9485586282301
0 3 4 5 11 279.9485586282301
0 3 4 6 11 279.9485586282301
0 3 4 7 11 279.9485586282301
0 3 4 8 11 279.9485586282301
0 3 4 9 11 279.9485586282301
0 3 4 10 11 279.9485586282301
0 3 4 11 11 279.9485586282301
0 3 4 12 11 279.9485586282301
0 3 4 13 11 279.9485586282301
0 3 4 14 11 279.9485586282301
0 3 4 15 11 279.9485586282301
0 3 4 16 21 230.50964677945979
0 3 4 17 21 230.50964677945979
0 3 4 18 21 230.50964677945979
0 3 4 19 21 230.50964677945979
0 3 4 20 21 230.50964677945979
0 3 4 21 21 230.50964677945979
0 3 4 22 21 230.50964677945979
0 3 4 23 21 230.50964677945979
0 3 4 24 21 230.50964677945979
0 3 4 25 21 230.50964677945979
0 3 4 26 21 230.50964677945979
0 3 4 27 21 230.50964677945979
0 3 4 28 21 230.50964677945979
0 3 4 29 21 230.50964677945979
0 3 4 30 21 230.50964677945979
0 3 4 31 21 230.50964677945979
0 3 5 0 11 235.08484495479004
0 3 5 1 11 235.08484495479004
0 3 5 2 11 235.08484495479004
0 3 5 3 11 235.08484495479004
0 3 5 4 11 235.08484495479004
0 3 5 5 11 235.08484495479004
0 3 5 6 11 235.08484495479004
0 3 5 7 11 235.08484495479004
0 3 5 8 11 235.08484495479004
0 3 5 9 11 235.08484495479004
0 3 5 10 11 235.08484495479004
0 3 5 11 11 235.08484495479004
0 3 5 12 11 235.08484495479004
0 3 5 13 11 235.08484495479004
0 3 5 14 11 235.08484495479004
0 3 5 15 11 235.08484495479004
0 3 5 16 23 193.93451651359203
0 3 5 17 23 193.93451651359203
0 3 5 18 23 193.93451651359203
0 3 5 19 23 193.93451651359203
0 3 5 20 23 193.93451651359203
0 3 5 21 23 193.93451651359203
0 3 5 22 23 193.93451651359203
0 3 5 23 23 193.93451651359203
0 3 5 24 23 193.93451651359203
0 3 5 25 23 193.93451651359203
0 3 5 26 23 193.93451651359203
0 3 5 27 23 193.93451651359203
0 3 5 28 23 193.93451651359203
0 3 5 29 23 193.93451651359203
0 3 5 30 23 193.93451651359203
0 3 5 31 23 193.93451651359203
0 4 0 0 14 226.93423255520105
0 4 0 1 14 226.93423255520105
0 4 0 2 14 226.93423255520105
0 4 0 3 14 226.93423255520105
0 4 0 4 14 226.93423255520105
0 4 0 5 14 226.93423255520105
0 4 0 6 14 226.93423255520105
0 4 0 7 14 226.93423255520105
0 4 0 8 14 226.93423255520105
0 4 0 9 14 226.93423255520105
0 4 0 10 14 226.93423255520105
0 4 0 11 14 226.93423255520105
0 4 0 12 14 226.93423255520105
0 4 0 13 14 226.93423255520105
0 4 0 14 14 226.93423255520105
0 4 0 15 14 226.93423255520105
0 4 0 16 17 295.49749190040274
0 4 0 17 17 295.49749190040274
0 4 0 18 17 295.49749190040274
0 4 0 19 17 295.49749190040274
0 4 0 20 17 295.49749190040274
0 4 0 21 17 295.49749190040274
0 4 0 22 17 295.49749190040274
0 4 0 23 17 295.49749190040274
0 4 0 24 17 295.49749190040274
0 4 0 25 17 295.49749190040274
0 4 0 26 17 295.49749190040274
0 4 0 27 17 295.49749190040274
0 4 0 28 17 295.49749190040274
0 4 0 29 17 295.49749190040274
0 4 0 30 17 295.49749190040274
0 4 0 31 17 295.49749190040274
0 4 1 0 8 244.41782853752596
0 4 1 1 8 244.41782853752596
0 4 1 2 8 244.41782853752596
0 4 1 3 8 244.41782853752596
0 4 1 4 8 244.41782853752596
0 4 1 5 8 244.41782853752596
0 4 1 6 8 244.41782853752596
0 4 1 7 8 244.41782853752596
0 4 1 8 8 244.41782853752596
0 4 1 9 8 244.41782853752596
0 4 1 10 8 244.41782853752596
0 4 1 11 8 244.41782853752596
0 4 1 12 8 244.41782853752596
0 4 1 13 8 244.41782853752596
0 4 1 14 8 244.41782853752596
0 4 1 15 8 244.41782853752596
0 4 1 16 17 219.45195582619465
0 4 1 17 17 219.45195582619465
0 4 1 18 17 219.45195582619465
0 4 1 19 17 219.45195582619465
0 4 1 20 17 219.45195582619465
0 4 1 21 17 219.45195582619465
0 4 1 22 17 219.45195582619465
0 4 1 23 17 219.45195582619465
0 4 1 24 17 219.45195582619465
0 4 1 25 17 219.45195582619465
0 4 1 26 17 219.45195582619465
0 4 1 27 17 219.45195582619465
0 4 1 28 17 219.45195582619465
0 4 1 29 17 219.45195582619465
0 4 1 30 17 219.45195582619465
0 4 1 31 17 219.45195582619465
0 4 2 0 8 227.94819322160654
0 4 2 1 8 227.94819322160654
0 4 2 2 8 227.94819322160654
0 4 2 3 8 227.94819322160654
0 4 2 4 8 227.94819322160654
0 4 2 5 8 227.94819322160654
0 4 2 6 8 227.94819322160654
0 4 2 7 8 227.94819322160654
0 4 2 8 8 227.94819322160654
0 4 2 9 8 227.94819322160654
0 4 2 10 8 227.94819322160654
0 4 2 11 8 227.94819322160654
0 4 2 12 8 227.94819322160654
0 4 2 13 8 227.94819322160654
0 4 2 14 8 227.94819322160654
0 4 2 15 8 227.94819322160654
0 4 2 16 24 290.93349182763745
0 4 2 17 24 290.93349182763745
0 4 2 18 24 290.93349182763745
0 4 2 19 24 290.93349182763745
0 4 2 20 24 290.93349182763745
0 4 2 21 24 290.93349182763745
0 4 2 22 24 290.93349182763745
0 4 2 23 24 290.93349182763745
0 4 2 24 24 290.93349182763745
0 4 2 25 24 290.93349182763745
0 4 2 26 24 290.93349182763745
0 4 2 27 24 290.93349182763745
0 4 2 28 24 290.93349182763745
0 4 2 29 24 290.93349182763745
0 4 2 30 24 290.93349182763745
0 4 2 31 24 290.93349182763745
0 4 3 0 9 241.73365797864966
0 4 3 1 9 241.73365797864966
0 4 3 2 9 241.73365797864966
0 4 3 3 9 241.73365797864966
0 4 3 4 9 241.73365797864966
0 4 3 5 9 241.73365797864966
0 4 3 6 9 241.73365797864966
0 4 3 7 9 241.73365797864966
0 4 3 8 9 241.73365797864966
0 4 3 9 9 241.73365797864966
0 4 3 10 9 241.73365797864966
0 4 3 11 9 241.73365797864966
0 4 3 12 9 241.73365797864966
0 4 3 13 9 241.73365797864966
0 4 3 14 9 241.73365797864966
0 4 3 15 9 241.73365797864966
0 4 3 16 23 240.58391395756954
0 4 3 17 23 240.58391395756954
0 4 3 18 23 240.58391395756954
0 4 3 19 23 240.58391395756954
0 4 3 20 23 240.58391395756954
0 4 3 21 23 240.58391395756954
0 4 3 22 23 240.58391395756954
0 4 3 23 23 240.58391395756954
0 4 3 24 23 240.58391395756954
0 4 3 25 23 240.58391395756954
0 4 3 26 23 240.58391395756954
0 4 3 27 23 240.58391395756954
0 4 3 28 23 240.58391395756954
0 4 3 29 23 240.58391395756954
0 4 3 30 23 240.58391395756954
0 4 3 31 23 240.58391395756954
0 4 4 0 8 237.81878982969747
0 4 4 1 8 237.81878982969747
0 4 4 2 8 237.81878982969747
0 4 4 3 8 237.81878982969747
0 4 4 4 8 237.81878982969747
0 4 4 5 8 237.81878982969747
0 4 4 6 8 237.81878982969747
0 4 4 7 8 237.81878982969747
0 4 4 8 8 237.81878982969747
0 4 4 9 8 237.81878982969747
0 4 4 10 8 237.81878982969747
0 4 4 11 8 237.81878982969747
0 4 4 12 8 237.81878982969747
0 4 4 13 8 237.81878982969747
0 4 4 14 8 237.81878982969747
0 4 4 15 8 237.81878982969747
0 4 4 16 23 266.54006918737883
0 4 4 17 23 266.54006918737883
0 4 4 18 23 266.54006918737883
0 4 4 19 23 266.54006918737883
0 4 4 20 23 266.54006918737883
0 4 4 21 23 266.54006918737883
0 4 4 22 23 266.54006918737883
0 4 4 23 23 266.54006918737883
0 4 4 24 23 266.54006918737883
0 4 4 25 23 266.54006918737883
0 4 4 26 23 266.54006918737883
0 4 4 27 23 266.54006918737883
0 4 4 28 23 266.54006918737883
0 4 4 29 23 266.54006918737883
0 4 4 30 23 266.54006918737883
0 4 4 31 23 266.54006918737883
0 4 5 0 8 251.02239884393063
0 4 5 1 8 251.02239884393063
0 4 5 2 8 251.02239884393063
0 4 5 3 8 251.02239884393063
0 4 5 4 8 251.02239884393063
0 4 5 5 8 251.02239884393063
0 4 5 6 8 251.02239884393063
0 4 5 7 8 251.02239884393063
0 4 5 8 8 251.02239884393063
0 4 5 9 8 251.02239884393063
0 4 5 10 8 251.02239884393063
0 4 5 11 8 251.02239884393063
0 4 5 12 8 251.02239884393063
0 4 5 13 8 251.02239884393063
0 4 5 14 8 251.02239884393063
0 4 5 15 8 251.02239884393063
0 4 5 16 16 288.17403905142686
0 4 5 17 16 288.17403905142686
0 4 5 18 16 288.17403905142686
0 4 5 19 16 288.17403905142686
0 4 5 20 16 288.17403905142686
0 4 5 21 16 288.17403905142686
0 4 5 22 16 288.17403905142686
0 4 5 23 16 288.17403905142686
0 4 5 24 16 288.17403905142686
0 4 5 25 16 288.17403905142686
0 4 5 26 16 288.17403905142686
0 4 5 27 16 288.17403905142686
0 4 5 28 16 288.17403905142686
0 4 5 29 16 288.17403905142686
0 4 5 30 16 288.17403905142686
0 4 5 31 16 288.17403905142686
0 5 0 0 14 225.52124656649914
0 5 0 1 14 225.52124656649914
0 5 0 2 14 225.52124656649914
0 5 0 3 14 225.52124656649914
0 5 0 4 14 225.52124656649914
0 5 0 5 14 225.52124656649914
0 5 0 6 14 225.52124656649914
0 5 0 7 14 225.52124656649914
0 5 0 8 14 225.52124656649914
0 5 0 9 14 225.52124656649914
0 5 0 10 14 225.52124656649914
0 5 0 11 14 225.52124656649914
0 5 0 12 14 225.52124656649914
0 5 0 13 14 225.52124656649914
0 5 0 14 14 225.52124656649914
0 5 0 15 14 225.52124656649914
0 5 0 16 26 240.51461609120872
0 5 0 17 26 240.51461609120872
0 5 0 18 26 240.51461609120872
0 5 0 19 26 240.51461609120872
0 5 0 20 26 240.51461609120872
0 5 0 21 26 240.51461609120872
0 5 0 22 26 240.51461609120872
0 5 0 23 26 240.51461609120872
0 5 0 24 26 240.51461609120872
0 5 0 25 26 240.51461609120872
0 5 0 26 26 240.51461609120872
0 5 0 27 26 240.51461609120872
0 5 0 28 26 240.51461609120872
0 5 0 29 26 240.51461609120872
0 5 0 30 26 240.51461609120872
0 5 0 31 26 240.51461609120872
0 5 1 0 8 254.22970352692812
0 5 1 1 8 254.22970352692812
0 5 1 2 8 254.22970352692812
0 5 1 3 8 254.22970352692812
0 5 1 4 8 254.22970352692812
0 5 1 5 8 254.22970352692812
0 5 1 6 8 254.22970352692812
0 5 1 7 8 254.22970352692812
0 5 1 8 8 254.22970352692812
0 5 1 9 8 254.22970352692812
0 5 1 10 8 254.22970352692812
0 5 1 11 8 254.22970352692812
0 5 1 12 8 254.22970352692812
0 5 1 13 8 254.22970352692812
0 5 1 14 8 254.22970352692812
0 5 1 15 8 254.22970352692812
0 5 1 16 24 272.97820134075675
0 5 1 17 24 272.97820134075675
0 5 1 18 24 272.97820134075675
0 5 1 19 24 272.97820134075675
0 5 1 20 24 272.97820134075675
0 5 1 21 24 272.97820134075675
0 5 1 22 24 272.97820134075675
0 5 1 23 24 272.97820134075675
0 5 1 24 24 272.97820134075675
0 5 1 25 24 272.97820134075675
0 5 1 26 24 272.97820134075675
0 5 1 27 24 272.97820134075675
0 5 1 28 24 272.97820134075675
0 5 1 29 24 272.97820134075675
0 5 1 30 24 272.97820134075675
0 5 1 31 24 272.97820134075675
0 5 2 0 8 267.761625891208
0 5 2 1 8 267.761625891208
0 5 2 2 8 267.761625891208
0 5 2 3 8 267.761625891208
0 5 2 4 8 267.761625891208
0 5 2 5 8 267.761625891208
0 5 2 6 8 267.761625891208
0 5 2 7 8 267.761625891208
0 5 2 8 8 267.761625891208
0 5 2 9 8 267.761625891208
0 5 2 10 8 267.761625891208
0 5 2 11 8 267.761625891208
0 5 2 12 8 267.761625891208
0 5 2 13 8 267.761625891208
0 5 2 14 8 267.761625891208
0 5 2 15 8 267.761625891208
0 5 2 16 23 192.67593528816988
0 5 2 17 23 192.67593528816988
0 5 2 18 23 192.67593528816988
0 5 2 19 23 192.67593528816988
0 5 2 20 23 192.67593528816988
0 5 2 21 23 192.67593528816988
0 5 2 22 23 192.67593528816988
0 5 2 23 23 192.67593528816988
0 5 2 24 23 192.67593528816988
0 5 2 25 23 192.67593528816988
0 5 2 26 23 192.67593528816988
0 5 2 27 23 192.67593528816988
0 5 2 28 23 192.67593528816988
0 5 2 29 23 192.67593528816988
0 5 2 30 23 192.67593528816988
0 5 2 31 23 192.67593528816988
0 5 3 0 8 244.30635713697703
0 5 3 1 8 244.30635713697703
0 5 3 2 8 244.30635713697703
0 5 3 3 8 244.30635713697703
0 5 3 4 8 244.30635713697703
0 5 3 5 8 244.30635713697703
0 5 3 6 8 244.30635713697703
0 5 3 7 8 244.30635713697703
0 5 3 8 8 244.30635713697703
0 5 3 9 8 244.30635713697703
0 5 3 10 8 244.30635713697703
0 5 3 11 8 244.30635713697703
0 5 3 12 8 244.30635713697703
0 5 3 13 8 244.30635713697703
0 5 3 14 8 244.30635713697703
0 5 3 15 8 244.30635713697703
0 5 3 16 22 188.4552174125345
0 5 3 17 22 188.4552174125345
0 5 3 18 22 188.4552174125345
0 5 3 19 22 188.4552174125345
0 5 3 20 22 188.4552174125345
0 5 3 21 22 188.4552174125345
0 5 3 22 22 188.4552174125345
0 5 3 23 22 188.4552174125345
0 5 3 24 22 188.4552174125345
0 5 3 25 22 188.4552174125345
0 5 3 26 22 188.4552174125345
0 5 3 27 22 188.4552174125345
0 5 3 28 22 188.4552174125345
0 5 3 29 22 188.4552174125345
0 5 3 30 22 188.4552174125345
0 5 3 31 22 188.4552174125345
0 5 4 0 8 278.17113360521626
0 5 4 1 8 278.17113360521626
0 5 4 2 8 278.17113360521626
0 5 4 3 8 278.17113360521626
0 5 4 4 8 278.17113360521626
0 5 4 5 8 278.17113360521626
0 5 4 6 8 278.17113360521626
0 5 4 7 8 278.17113360521626
0 5 4 8 8 278.17113360521626
0 5 4 9 8 278.17113360521626
0 5 4 10 8 278.17113360521626
0 5 4 11 8 278.17113360521626
0 5 4 12 8 278.17113360521626
0 5 4 13 8 278.17113360521626
0 5 4 14 8 278.17113360521626
0 5 4 15 8 278.17113360521626
0 5 4 16 22 253.07133310960782
0 5 4 17 22 253.07133310960782
0 5 4 18 22 253.07133310960782
0 5 4 19 22 253.07133310960782
0 5 4 20 22 253.07133310960782
0 5 4 21 22 253.07133310960782
0 5 4 22 22 253.07133310960782
0 5 4 23 22 253.07133310960782
0 5 4 24 22 253.07133310960782
0 5 4 25 22 253.07133310960782
0 5 4 26 22 253.07133310960782
0 5 4 27 22 253.07133310960782
0 5 4 28 22 253.07133310960782
0 5 4 29 22 253.07133310960782
0 5 4 30 22 253.07133310960782
0 5 4 31 22 253.07133310960782
0 5 5 0 8 242.99232764806536
0 5 5 1 8 242.99232764806536
0 5 5 2 8 242.99232764806536
0 5 5 3 8 242.99232764806536
0 5 5 4 8 242.99232764806536
0 5 5 5 8 242.99232764806536
0 5 5 6 8 242.99232764806536
0 5 5 7 8 242.99232764806536
0 5 5 8 8 242.99232764806536
0 5 5 9 8 242.99232764806536
0 5 5 10 8 242.99232764806536
0 5 5 11 8 242.99232764806536
0 5 5 12 8 242.99232764806536
0 5 5 13 8 242.99232764806536
0 5 5 14 8 242.99232764806536
0 5 5 15 8 242.99232764806536
0 5 5 16 17 267.73707235251453
0 5 5 17 17 267.73707235251453
0 5 5 18 17 267.73707235251453
0 5 5 19 17 267.73707235251453
0 5 5 20 17 267.73707235251453
0 5 5 21 17 267.73707235251453
0 5 5 22 17 267.73707235251453
0 5 5 23 17 267.73707235251453
0 5 5 24 17 267.73707235251453
0 5 5 25 17 267.73707235251453
0 5 5 26 17 267.73707235251453
0 5 5 27 17 267.73707235251453
0 5 5 28 17 267.73707235251453
0 5 5 29 17 267.73707235251453
0 5 5 30 17 267.73707235251453
0 5 5 31 17 267.73707235251453
1 0 0 0 11 233.93388850211537
1 0 0 1 11 233.93388850211537
1 0 0 2 11 233.93388850211537
1 0 0 3 11 233.93388850211537
1 0 0 4 11 233.93388850211537
1 0 0 5 11 233.93388850211537
1 0 0 6 11 233.93388850211537
1 0 0 7 11 233.93388850211537
1 0 0 8 11 233.93388850211537
1 0 0 9 11 233.93388850211537
1 0 0 10 11 233.93388850211537
1 0 0 11 11 233.93388850211537
1 0 0 12 11 233.93388850211537
1 0 0 13 11 233.93388850211537
1 0 0 14 11 233.93388850211537
1 0 0 15 11 233.93388850211537
1 0 0 16 25 272.0724561862412
1 0 0 17 25 272.0724561862412
1 0 0 18 25 272.0724561862412
1 0 0 19 25 272.0724561862412
1 0 0 20 25 272.0724561862412
1 0 0 21 25 272.0724561862412
1 0 0 22 25 272.0724561862412
1 0 0 23 25 272.0724561862412
1 0 0 24 25 272.0724561862412
1 0 0 25 25 272.0724561862412
1 0 0 26 25 272.0724561862412
1 0 0 27 25 272.0724561862412
1 0 0 28 25 272.0724561862412
1 0 0 29 25 272.0724561862412
1 0 0 30 25 272.0724561862412
1 0 0 31 25 272.0724561862412
1 0 1 0 5 254.58570585210717
1 0 1 1 5 254.58570585210717
1 0 1 2 5 254.58570585210717
1 0 1 3 5 254.58570585210717
1 0 1 4 5 254.58570585210717
1 0 1 5 5 254.58570585210717
1 0 1 6 5 254.58570585210717
1 0 1 7 5 254.58570585210717
1 0 1 8 5 254.58570585210717
1 0 1 9 5 254.58570585210717
1 0 1 10 5 254.58570585210717
1 0 1 11 5 254.58570585210717
1 0 1 12 5 254.58570585210717
1 0 1 13 5 254.58570585210717
1 0 1 14 5 254.58570585210717
1 0 1 15 5 254.58570585210717
1 0 1 16 25 275.1160805276213
1 0 1 17 25 275.1160805276213
1 0 1 18 25 275.1160805276213
1 0 1 19 25 275.1160805276213
1 0 1 20 25 275.1160805276213
1 0 1 21 25 275.1160805276213
1 0 1 22 25 275.1160805276213
1 0 1 23 25 275.1160805276213
1 0 1 24 25 275.1160805276213
1 0 1 25 25 275.1160805276213
1 0 1 26 25 275.1160805276213
1 0 1 27 25 275.1160805276213
1 0 1 28 25 275.1160805276213
1 0 1 29 25 275.1160805276213
1 0 1 30 25 275.1160805276213
1 0 1 31 25 275.1160805276213
1 0 2 0 5 243.86023856428463
1 0 2 1 5 243.86023856428463
1 0 2 2 5 243.86023856428463
1 0 2 3 5 243.86023856428463
1 0 2 4 5 243.86023856428463
1 0 2 5 5 243.86023856428463
1 0 2 6 5 243.86023856428463
1 0 2 7 5 243.86023856428463
1 0 2 8 5 243.86023856428463
1 0 2 9 5 243.86023856428463
1 0 2 10 5 243.86023856428463
1 0 2 11 5 243.86023856428463
1 0 2 12 5 243.86023856428463
1 0 2 13 5 243.86023856428463
1 0 2 14 5 243.86023856428463
1 0 2 15 5 243.86023856428463
1 0 2 16 28 245.89739252995068
1 0 2 17 28 245.89739252995068
1 0 2 18 28 245.89739252995068
1 0 2 19 28 245.89739252995068
1 0 2 20 28 245.89739252995068
1 0 2 21 28 245.89739252995068
1 0 2 22 28 245.89739252995068
1 0 2 23 28 245.89739252995068
1 0 2 24 28 245.89739252995068
1 0 2 25 28 245.89739252995068
1 0 2 26 28 245.89739252995068
1 0 2 27 28 245.89739252995068
1 0 2 28 28 245.89739252995068
1 0 2 29 28 245.89739252995068
1 0 2 30 28 245.89739252995068
1 0 2 31 28 245.89739252995068
1 0 3 0 9 233.39000628535513
1 0 3 1 9 233.39000628535513
1 0 3 2 9 233.39000628535513
1 0 3 3 9 233.39000628535513
1 0 3 4 9 233.39000628535513
1 0 3 5 9 233.39000628535513
1 0 3 6 9 233.39000628535513
1 0 3 7 9 233.39000628535513
1 0 3 8 9 233.39000628535513
1 0 3 9 9 233.39000628535513
1 0 3 10 9 233.39000628535513
1 0 3 11 9 233.39000628535513
1 0 3 12 9 233.39000628535513
1 0 3 13 9 233.39000628535513
1 0 3 14 9 233.39000628535513
1 0 3 15 9 233.39000628535513
1 0 3 16 28 266.332245331714
1 0 3 17 28 266.332245331714
1 0 3 18 28 266.332245331714
1 0 3 19 28 266.332245331714
1 0 3 20 28 266.332245331714
1 0 3 21 28 266.332245331714
1 0 3 22 28 266.332245331714
1 0 3 23 28 266.332245331714
1 0 3 24 28 266.332245331714
1 0 3 25 28 266.332245331714
1 0 3 26 28 266.332245331714
1 0 3 27 28 266.332245331714
1 0 3 28 28 266.332245331714
1 0 3 29 28 266.332245331714
1 0 3 30 28 266.332245331714
1 0 3 31 28 266.332245331714
1 0 4 0 10 234.1085435824884
1 0 4 1 10 234.1085435824884
1 0 4 2 10 234.1085435824884
1 0 4 3 10 234.1085435824884
1 0 4 4 10 234.1085435824884
1 0 4 5 10 234.1085435824884
1 0 4 6 10 234.1085435824884
1 0 4 7 10 234.1085435824884
1 0 4 8 10 234.1085435824884
1 0 4 9 10 234.1085435824884
1 0 4 10 10 234.1085435824884
1 0 4 11 10 234.1085435824884
1 0 4 12 10 234.1085435824884
1 0 4 13 10 234.1085435824884
1 0 4 14 10 234.1085435824884
1 0 4 15 10 234.1085435824884
1 0 4 16 18 256.53602962119055
1 0 4 17 18 256.53602962119055
1 0 4 18 18 256.53602962119055
1 0 4 19 18 256.53602962119055
1 0 4 20 18 256.53602962119055
1 0 4 21 18 256.53602962119055
1 0 4 22 18 256.53602962119055
1 0 4 23 18 256.53602962119055
1 0 4 24 18 256.53602962119055
1 0 4 25 18 256.53602962119055
1 0 4 26 18 256.53602962119055
1 0 4 27 18 256.53602962119055
1 0 4 28 18 256.53602962119055
1 0 4 29 18 256.53602962119055
1 0 4 30 18 256.53602962119055
1 0 4 31 18 256.53602962119055
1 0 5 0 1 233.8943063092249
1 0 5 1 1 233.8943063092249
1 0 5 2 1 233.8943063092249
1 0 5 3 1 233.8943063092249
1 0 5 4 1 233.8943063092249
1 0 5 5 1 233.8943063092249
1 0 5 6 1 233.8943063092249
1 0 5 7 1 233.8943063092249
1 0 5 8 1 233.8943063092249
1 0 5 9 1 233.8943063092249
1 0 5 10 1 233.8943063092249
1 0 5 11 1 233.8943063092249
1 0 5 12 1 233.8943063092249
1 0 5 13 1 233.8943063092249
1 0 5 14 1 233.8943063092249
1 0 5 15 1 233.8943063092249
1 0 5 16 27 273.36193841494196
1 0 5 17 27 273.36193841494196
1 0 5 18 27 273.36193841494196
1 0 5 19 27 273.36193841494196
1 0 5 20 27 273.36193841494196
1 0 5 21 27 273.36193841494196
1 0 5 22 27 273.36193841494196
1 0 5 23 27 273.36193841494196
1 0 5 24 27 273.36193841494196
1 0 5 25 27 273.36193841494196
1 0 5 26 27 273.36193841494196
1 0 5 27 27 273.36193841494196
1 0 5 28 27 273.36193841494196
1 0 5 29 27 273.36193841494196
1 0 5 30 27 273.36193841494196
1 0 5 31 27 273.36193841494196
1 1 0 0 12 251.9902875594315
1 1 0 1 12 251.9902875594315
1 1 0 2 12 251.9902875594315
1 1 0 3 12 251.9902875594315
1 1 0 4 12 251.9902875594315
1 1 0 5 12 251.9902875594315
1 1 0 6 12 251.9902875594315
1 1 0 7 12 251.9902875594315
1 1 0 8 12 251.9902875594315
1 1 0 9 12 251.9902875594315
1 1 0 10 12 251.9902875594315
1 1 0 11 12 251.9902875594315
1 1 0 12 12 251.9902875594315
1 1 0 13 12 251.9902875594315
1 1 0 14 12 251.9902875594315
1 1 0 15 12 251.9902875594315
1 1 0 16 27 270.0016320820704
1 1 0 17 27 270.0016320820704
1 1 0 18 27 270.0016320820704
1 1 0 19 27 270.0016320820704
1 1 0 20 27 270.0016320820704
1 1 0 21 27 270.0016320820704
1 1 0 22 27 270.0016320820704
1 1 0 23 27 270.0016320820704
1 1 0 24 27 270.0016320820704
1 1 0 25 27 270.0016320820704
1 1 0 26 27 270.0016320820704
1 1 0 27 27 270.0016320820704
1 1 0 28 27 270.0016320820704
1 1 0 29 27 270.0016320820704
1 1 0 30 27 270.0016320820704
1 1 0 31 27 270.0016320820704
1 1 1 0 12 217.0203364762433
1 1 1 1 12 217.0203364762433
1 1 1 2 12 217.0203364762433
1 1 1 3 12 217.0203364762433
1 1 1 4 12 217.0203364762433
1 1 1 5 12 217.0203364762433
1 1 1 6 12 217.0203364762433
1 1 1 7 12 217.0203364762433
1 1 1 8 12 217.0203364762433
1 1 1 9 12 217.0203364762433
1 1 1 10 12 217.0203364762433
1 1 1 11 12 217.0203364762433
1 1 1 12 12 217.0203364762433
1 1 1 13 12 217.0203364762433
1 1 1 14 12 217.0203364762433
1 1 1 15 12 217.0203364762433
1 1 1 16 23 273.99560403962334
1 1 1 17 23 273.99560403962334
1 1 1 18 23 273.99560403962334
1 1 1 19 23 273.99560403962334
1 1 1 20 23 273.99560403962334
1 1 1 21 23 273.99560403962334
1 1 1 22 23 273.99560403962334
1 1 1 23 23 273.99560403962334
1 1 1 24 23 273.99560403962334
1 1 1 25 23 273.99560403962334
1 1 1 26 23 273.99560403962334
1 1 1 27 23 273.99560403962334
1 1 1 28 23 273.99560403962334
1 1 1 29 23 273.99560403962334
1 1 1 30 23 273.99560403962334
1 1 1 31 23 273.99560403962334
1 1 2 0 10 273.499599660019
1 1 2 1 10 273.499599660019
1 1 2 2 10 273.499599660019
1 1 2 3 10 273.499599660019
1 1 2 4 10 273.499599660019
1 1 2 5 10 273.499599660019
1 1 2 6 10 273.499599660019
1 1 2 7 10 273.499599660019
1 1 2 8 10 273.499599660019
1 1 2 9 10 273.499599660019
1 1 2 10 10 273.499599660019
1 1 2 11 10 273.499599660019
1 1 2 12 10 273.499599660019
1 1 2 13 10 273.499599660019
1 1 2 14 10 273.499599660019
1 1 2 15 10 273.499599660019
1 1 2 16 17 249.16957275643173
1 1 2 17 17 249.16957275643173
1 1 2 18 17 249.16957275643173
1 1 2 19 17 249.16957275643173
1 1 2 20 17 249.16957275643173
1 1 2 21 17 249.16957275643173
1 1 2 22 17 249.16957275643173
1 1 2 23 17 249.16957275643173
1 1 2 24 17 249.16957275643173
1 1 2 25 17 249.16957275643173
1 1 2 26 17 249.16957275643173
1 1 2 27 17 249.16957275643173
1 1 2 28 17 249.16957275643173
1 1 2 29 17 249.16957275643173
1 1 2 30 17 249.16957275643173
1 1 2 31 17 249.16957275643173
1 1 3 0 6 215.20036269714788
1 1 3 1 6 215.20036269714788
1 1 3 2 6 215.20036269714788
1 1 3 3 6 215.20036269714788
1 1 3 4 6 215.20036269714788
1 1 3 5 6 215.20036269714788
1 1 3 6 6 215.20036269714788
1 1 3 7 6 215.20036269714788
1 1 3 8 6 215.20036269714788
1 1 3 9 6 215.20036269714788
1 1 3 10 6 215.20036269714788
1 1 3 11 6 215.20036269714788
1 1 3 12 6 215.20036269714788
1 1 3 13 6 215.20036269714788
1 1 3 14 6 215.20036269714788
1 1 3 15 6 215.20036269714788
1 1 3 16 31 217.4911537711404
1 1 3 17 31 217.4911537711404
1 1 3 18 31 217.4911537711404
1 1 3 19 31 217.4911537711404
1 1 3 20 31 217.4911537711404
1 1 3 21 31 217.4911537711404
1 1 3 22 31 217.4911537711404
1 1 3 23 31 217.4911537711404
1 1 3 24 31 217.4911537711404
1 1 3 25 31 217.4911537711404
1 1 3 26 31 217.4911537711404
1 1 3 27 31 217.4911537711404
1 1 3 28 31 217.4911537711404
1 1 3 29 31 217.4911537711404
1 1 3 30 31 217.4911537711404
1 1 3 31 31 217.4911537711404
1 1 4 0 10 244.4100841619115
1 1 4 1 10 244.4100841619115
1 1 4 2 10 244.4100841619115
1 1 4 3 10 244.4100841619115
1 1 4 4 10 244.4100841619115
1 1 4 5 10 244.4100841619115
1 1 4 6 10 244.4100841619115
1 1 4 7 10 244.4100841619115
1 1 4 8 10 244.4100841619115
1 1 4 9 10 244.4100841619115
1 1 4 10 10 244.4100841619115
1 1 4 11 10 244.4100841619115
1 1 4 12 10 244.4100841619115
1 1 4 13 10 244.4100841619115
1 1 4 14 10 244.4100841619115
1 1 4 15 10 244.4100841619115
1 1 4 16 27 273.35946483456877
1 1 4 17 27 273.35946483456877
1 1 4 18 27 273.35946483456877
1 1 4 19 27 273.35946483456877
1 1 4 20 27 273.35946483456877
1 1 4 21 27 273.35946483456877
1 1 4 22 27 273.35946483456877
1 1 4 23 27 273.35946483456877
1 1 4 24 27 273.35946483456877
1 1 4 25 27 273.35946483456877
1 1 4 26 27 273.35946483456877
1 1 4 27 27 273.35946483456877
1 1 4 28 27 273.35946483456877
1 1 4 29 27 273.35946483456877
1 1 4 30 27 273.35946483456877
1 1 4 31 27 273.35946483456877
1 1 5 0 8 246.64121392103817
1 1 5 1 8 246.64121392103817
1 1 5 2 8 246.64121392103817
1 1 5 3 8 246.64121392103817
1 1 5 4 8 246.64121392103817
1 1 5 5 8 246.64121392103817
1 1 5 6 8 246.64121392103817
1 1 5 7 8 246.64121392103817
1 1 5 8 8 246.64121392103817
1 1 5 9 8 246.64121392103817
1 1 5 10 8 246.64121392103817
1 1 5 11 8 246.64121392103817
1 1 5 12 8 246.64121392103817
1 1 5 13 8 246.64121392103817
1 1 5 14 8 246.64121392103817
1 1 5 15 8 246.64121392103817
1 1 5 16 20 258.48092489745545
1 1 5 17 20 258.48092489745545
1 1 5 18 20 258.48092489745545
1 1 5 19 20 258.48092489745545
1 1 5 20 20 258.48092489745545
1 1 5 21 20 258.48092489745545
1 1 5 22 20 258.48092489745545
1 1 5 23 20 258.48092489745545
1 1 5 24 20 258.48092489745545
1 1 5 25 20 258.48092489745545
1 1 5 26 20 258.48092489745545
1 1 5 27 20 258.48092489745545
1 1 5 28 20 258.48092489745545
1 1 5 29 20 258.48092489745545
1 1 5 30 20 258.48092489745545
1 1 5 31 20 258.48092489745545
1 2 0 0 13 280.8881975664769
1 2 0 1 13 280.8881975664769
1 2 0 2 13 280.8881975664769
1 2 0 3 13 280.8881975664769
1 2 0 4 13 280.8881975664769
1 2 0 5 13 280.8881975664769
1 2 0 6 13 280.8881975664769
1 2 0 7 13 280.8881975664769
1 2 0 8 13 280.8881975664769
1 2 0 9 13 280.8881975664769
1 2 0 10 13 280.8881975664769
1 2 0 11 13 280.8881975664769
1 2 0 12 13 280.8881975664769
1 2 0 13 13 280.8881975664769
1 2 0 14 13 280.8881975664769
1 2 0 15 13 280.8881975664769
1 2 0 16 28 224.90669404517453
1 2 0 17 28 224.90669404517453
1 2 0 18 28 224.90669404517453
1 2 0 19 28 224.90669404517453
1 2 0 20 28 224.90669404517453
1 2 0 21 28 224.90669404517453
1 2 0 22 28 224.90669404517453
1 2 0 23 28 224.90669404517453
1 2 0 24 28 224.90669404517453
1 2 0 25 28 224.90669404517453
1 2 0 26 28 224.90669404517453
1 2 0 27 28 224.90669404517453
1 2 0 28 28 224.90669404517453
1 2 0 29 28 224.90669404517453
1 2 0 30 28 224.90669404517453
1 2 0 31 28 224.90669404517453
1 2 1 0 11 231.4327918722334
1 2 1 1 11 231.4327918722334
1 2 1 2 11 231.4327918722334
1 2 1 3 11 231.4327918722334
1 2 1 4 11 231.4327918722334
1 2 1 5 11 231.4327918722334
1 2 1 6 11 231.4327918722334
1 2 1 7 11 231.4327918722334
1 2 1 8 11 231.4327918722334
1 2 1 9 11 231.4327918722334
1 2 1 10 11 231.4327918722334
1 2 1 11 11 231.4327918722334
1 2 1 12 11 231.4327918722334
1 2 1 13 11 231.4327918722334
1 2 1 14 11 231.4327918722334
1 2 1 15 11 231.4327918722334
1 2 1 16 30 255.8251136340882
1 2 1 17 30 255.8251136340882
1 2 1 18 30 255.8251136340882
1 2 1 19 30 255.8251136340882
1 2 1 20 30 255.8251136340882
1 2 1 21 30 255.8251136340882
1 2 1 22 30 255.8251136340882
1 2 1 23 30 255.8251136340882
1 2 1 24 30 255.8251136340882
1 2 1 25 30 255.8251136340882
1 2 1 26 30 255.8251136340882
1 2 1 27 30 255.8251136340882
1 2 1 28 30 255.8251136340882
1 2 1 29 30 255.8251136340882
1 2 1 30 30 255.8251136340882
1 2 1 31 30 255.8251136340882
1 2 2 0 9 229.51784461458683
1 2 2 1 9 229.51784461458683
1 2 2 2 9 229.51784461458683
1 2 2 3 9 229.51784461458683
1 2 2 4 9 229.51784461458683
1 2 2 5 9 229.51784461458683
1 2 2 6 9 229.51784461458683
1 2 2 7 9 229.51784461458683
1 2 2 8 9 229.51784461458683
1 2 2 9 9 229.51784461458683
1 2 2 10 9 229.51784461458683
1 2 2 11 9 229.51784461458683
1 2 2 12 9 229.51784461458683
1 2 2 13 9 229.51784461458683
1 2 2 14 9 229.51784461458683
1 2 2 15 9 229.51784461458683
1 2 2 16 24 250.0288589417363
1 2 2 17 24 250.0288589417363
1 2 2 18 24 250.0288589417363
1 2 2 19 24 250.0288589417363
1 2 2 20 24 250.0288589417363
1 2 2 21 24 250.0288589417363
1 2 2 22 24 250.0288589417363
1 2 2 23 24 250.0288589417363
1 2 2 24 24 250.0288589417363
1 2 2 25 24 250.0288589417363
1 2 2 26 24 250.0288589417363
1 2 2 27 24 250.0288589417363
1 2 2 28 24 250.0288589417363
1 2 2 29 24 250.0288589417363
1 2 2 30 24 250.0288589417363
1 2 2 31 24 250.0288589417363
1 2 3 0 7 254.44536783067917
1 2 3 1 7 254.44536783067917
1 2 3 2 7 254.44536783067917
1 2 3 3 7 254.44536783067917
1 2 3 4 7 254.44536783067917
1 2 3 5 7 254.44536783067917
1 2 3 6 7 254.44536783067917
1 2 3 7 7 254.44536783067917
1 2 3 8 7 254.44536783067917
1 2 3 9 7 254.44536783067917
1 2 3 10 7 254.44536783067917
1 2 3 11 7 254.44536783067917
1 2 3 12 7 254.44536783067917
1 2 3 13 7 254.44536783067917
1 2 3 14 7 254.44536783067917
1 2 3 15 7 254.44536783067917
1 2 3 16 29 239.70735956155804
1 2 3 17 29 239.70735956155804
1 2 3 18 29 239.70735956155804
1 2 3 19 29 239.70735956155804
1 2 3 20 29 239.70735956155804
1 2 3 21 29 239.70735956155804
1 2 3 22 29 239.70735956155804
1 2 3 23 29 239.70735956155804
1 2 3 24 29 239.70735956155804
1 2 3 25 29 239.70735956155804
1 2 3 26 29 239.70735956155804
1 2 3 27 29 239.70735956155804
1 2 3 28 29 239.70735956155804
1 2 3 29 29 239.70735956155804
1 2 3 30 29 239.70735956155804
1 2 3 31 29 239.70735956155804
1 2 4 0 2 242.9020710401481
1 2 4 1 2 242.9020710401481
1 2 4 2 2 242.9020710401481
1 2 4 3 2 242.9020710401481
1 2 4 4 2 242.9020710401481
1 2 4 5 2 242.9020710401481
1 2 4 6 2 242.9020710401481
1 2 4 7 2 242.9020710401481
1 2 4 8 2 242.9020710401481
1 2 4 9 2 242.9020710401481
1 2 4 10 2 242.9020710401481
1 2 4 11 2 242.9020710401481
1 2 4 12 2 242.9020710401481
1 2 4 13 2 242.9020710401481
1 2 4 14 2 242.9020710401481
1 2 4 15 2 242.9020710401481
1 2 4 16 21 271.0037317948925
1 2 4 17 21 271.0037317948925
1 2 4 18 21 271.0037317948925
1 2 4 19 21 271.0037317948925
1 2 4 20 21 271.0037317948925
1 2 4 21 21 271.0037317948925
1 2 4 22 21 271.0037317948925
1 2 4 23 21 271.0037317948925
1 2 4 24 21 271.0037317948925
1 2 4 25 21 271.0037317948925
1 2 4 26 21 271.0037317948925
1 2 4 27 21 271.0037317948925
1 2 4 28 21 271.0037317948925
1 2 4 29 21 271.0037317948925
1 2 4 30 21 271.0037317948925
1 2 4 31 21 271.0037317948925
1 2 5 0 15 235.39810592774464
1 2 5 1 15 235.39810592774464
1 2 5 2 15 235.39810592774464
1 2 5 3 15 235.39810592774464
1 2 5 4 15 235.39810592774464
1 2 5 5 15 235.39810592774464
1 2 5 6 15 235.39810592774464
1 2 5 7 15 235.39810592774464
1 2 5 8 15 235.39810592774464
1 2 5 9 15 235.39810592774464
1 2 5 10 15 235.39810592774464
1 2 5 11 15 235.39810592774464
1 2 5 12 15 235.39810592774464
1 2 5 13 15 235.39810592774464
1 2 5 14 15 235.39810592774464
1 2 5 15 15 235.39810592774464
1 2 5 16 28 256.48098296565206
1 2 5 17 28 256.48098296565206
1 2 5 18 28 256.48098296565206
1 2 5 19 28 256.48098296565206
1 2 5 20 28 256.48098296565206
1 2 5 21 28 256.48098296565206
1 2 5 22 28 256.48098296565206
1 2 5 23 28 256.48098296565206
1 2 5 24 28 256.48098296565206
1 2 5 25 28 256.48098296565206
1 2 5 26 28 256.48098296565206
1 2 5 27 28 256.48098296565206
1 2 5 28 28 256.48098296565206
1 2 5 29 28 256.48098296565206
1 2 5 30 28 256.48098296565206
1 2 5 31 28 256.48098296565206
1 4 0 0 3 229.64872494351016
1 4 0 1 3 229.64872494351016
1 4 0 2 3 229.64872494351016
1 4 0 3 3 229.64872494351016
1 4 0 4 3 229.64872494351016
1 4 0 5 3 229.64872494351016
1 4 0 6 3 229.64872494351016
1 4 0 7 3 229.64872494351016
1 4 0 8 3 229.64872494351016
1 4 0 9 3 229.64872494351016
1 4 0 10 3 229.64872494351016
1 4 0 11 3 229.64872494351016
1 4 0 12 3 229.64872494351016
1 4 0 13 3 229.64872494351016
1 4 0 14 3 229.64872494351016
1 4 0 15 3 229.64872494351016
1 4 0 16 25 254.00156215429794
1 4 0 17 25 254.00156215429794
1 4 0 18 25 254.00156215429794
1 4 0 19 25 254.00156215429794
1 4 0 20 25 254.00156215429794
1 4 0 21 25 254.00156215429794
1 4 0 22 25 254.00156215429794
1 4 0 23 25 254.00156215429794
1 4 0 24 25 254.00156215429794
1 4 0 25 25 254.00156215429794
1 4 0 26 25 254.00156215429794
1 4 0 27 25 254.00156215429794
1 4 0 28 25 254.00156215429794
1 4 0 29 25 254.00156215429794
1 4 0 30 25 254.00156215429794
1 4 0 31 25 254.00156215429794
1 4 1 0 1 227.83406087061962
1 4 1 1 1 227.83406087061962
1 4 1 2 1 227.83406087061962
1 4 1 3 1 227.83406087061962
1 4 1 4 1 227.83406087061962
1 4 1 5 1 227.83406087061962
1 4 1 6 1 227.83406087061962
1 4 1 7 1 227.83406087061962
1 4 1 8 1 227.83406087061962
1 4 1 9 1 227.83406087061962
1 4 1 10 1 227.83406087061962
1 4 1 11 1 227.83406087061962
1 4 1 12 1 227.83406087061962
1 4 1 13 1 227.83406087061962
1 4 1 14 1 227.83406087061962
1 4 1 15 1 227.83406087061962
1 4 1 16 29 257.8754680349466
1 4 1 17 29 257.8754680349466
1 4 1 18 29 257.8754680349466
1 4 1 19 29 257.8754680349466
1 4 1 20 29 257.8754680349466
1 4 1 21 29 257.8754680349466
1 4 1 22 29 257.8754680349466
1 4 1 23 29 257.8754680349466
1 4 1 24 29 257.8754680349466
1 4 1 25 29 257.8754680349466
1 4 1 26 29 257.8754680349466
1 4 1 27 29 257.8754680349466
1 4 1 28 29 257.8754680349466
1 4 1 29 29 257.8754680349466
1 4 1 30 29 257.8754680349466
1 4 1 31 29 257.8754680349466
1 4 2 0 12 253.97563277087033
1 4 2 1 12 253.97563277087033
1 4 2 2 12 253.97563277087033
1 4 2 3 12 253.97563277087033
1 4 2 4 12 253.97563277087033
1 4 2 5 12 253.97563277087033
1 4 2 6 12 253.97563277087033
1 4 2 7 12 253.97563277087033
1 4 2 8 12 253.97563277087033
1 4 2 9 12 253.97563277087033
1 4 2 10 12 253.97563277087033
1 4 2 11 12 253.97563277087033
1 4 2 12 12 253.97563277087033
1 4 2 13 12 253.97563277087033
1 4 2 14 12 253.97563277087033
1 4 2 15 12 253.97563277087033
1 4 2 16 24 298.34467505954404
1 4 2 17 24 298.34467505954404
1 4 2 18 24 298.34467505954404
1 4 2 19 24 298.34467505954404
1 4 2 20 24 298.34467505954404
1 4 2 21 24 298.34467505954404
1 4 2 22 24 298.34467505954404
1 4 2 23 24 298.34467505954404
1 4 2 24 24 298.34467505954404
1 4 2 25 24 298.34467505954404
1 4 2 26 24 298.34467505954404
1 4 2 27 24 298.34467505954404
1 4 2 28 24 298.34467505954404
1 4 2 29 24 298.34467505954404
1 4 2 30 24 298.34467505954404
1 4 2 31 24 298.34467505954404
1 4 3 0 11 225.39424542682926
1 4 3 1 11 225.39424542682926
1 4 3 2 11 225.39424542682926
1 4 3 3 11 225.39424542682926
1 4 3 4 11 225.39424542682926
1 4 3 5 11 225.39424542682926
1 4 3 6 11 225.39424542682926
1 4 3 7 11 225.39424542682926
1 4 3 8 11 225.39424542682926
1 4 3 9 11 225.39424542682926
1 4 3 10 11 225.39424542682926
1 4 3 11 11 225.39424542682926
1 4 3 12 11 225.39424542682926
1 4 3 13 11 225.39424542682926
1 4 3 14 11 225.39424542682926
1 4 3 15 11 225.39424542682926
1 4 3 16 21 253.86815167707462
1 4 3 17 21 253.86815167707462
1 4 3 18 21 253.86815167707462
1 4 3 19 21 253.86815167707462
1 4 3 20 21 253.86815167707462
1 4 3 21 21 253.86815167707462
1 4 3 22 21 253.86815167707462
1 4 3 23 21 253.86815167707462
1 4 3 24 21 253.86815167707462
1 4 3 25 21 253.86815167707462
1 4 3 26 21 253.86815167707462
1 4 3 27 21 253.86815167707462
1 4 3 28 21 253.86815167707462
1 4 3 29 21 253.86815167707462
1 4 3 30 21 253.86815167707462
1 4 3 31 21 253.86815167707462
1 4 4 0 14 230.24195353247984
1 4 4 1 14 230.24195353247984
1 4 4 2 14 230.24195353247984
1 4 4 3 14 230.24195353247984
1 4 4 4 14 230.24195353247984
1 4 4 5 14 230.24195353247984
1 4 4 6 14 230.24195353247984
1 4 4 7 14 230.24195353247984
1 4 4 8 14 230.24195353247984
1 4 4 9 14 230.24195353247984
1 4 4 10 14 230.24195353247984
1 4 4 11 14 230.24195353247984
1 4 4 12 14 230.24195353247984
1 4 4 13 14 230.24195353247984
1 4 4 14 14 230.24195353247984
1 4 4 15 14 230.24195353247984
1 4 4 16 24 211.88706248865412
1 4 4 17 24 211.88706248865412
1 4 4 18 24 211.88706248865412
1 4 4 19 24 211.88706248865412
1 4 4 20 24 211.88706248865412
1 4 4 21 24 211.88706248865412
1 4 4 22 24 211.88706248865412
1 4 4 23 24 211.88706248865412
1 4 4 24 24 211.88706248865412
1 4 4 25 24 211.88706248865412
1 4 4 26 24 211.88706248865412
1 4 4 27 24 211.88706248865412
1 4 4 28 24 211.88706248865412
1 4 4 29 24 211.88706248865412
1 4 4 30 24 211.88706248865412
1 4 4 31 24 211.88706248865412
1 4 5 0 8 294.8564290314117
1 4 5 1 8 294.8564290314117
1 4 5 2 8 294.8564290314117
1 4 5 3 8 294.8564290314117
1 4 5 4 8 294.8564290314117
1 4 5 5 8 294.8564290314117
1 4 5 6 8 294.8564290314117
1 4 5 7 8 294.8564290314117
1 4 5 8 8 294.8564290314117
1 4 5 9 8 294.8564290314117
1 4 5 10 8 294.8564290314117
1 4 5 11 8 294.8564290314117
1 4 5 12 8 294.8564290314117
1 4 5 13 8 294.8564290314117
1 4 5 14 8 294.8564290314117
1 4 5 15 8 294.8564290314117
1 4 5 16 21 316.2160983768817
1 4 5 17 21 316.2160983768817
1 4 5 18 21 316.2160983768817
1 4 5 19 21 316.2160983768817
1 4 5 20 21 316.2160983768817
1 4 5 21 21 316.2160983768817
1 4 5 22 21 316.2160983768817
1 4 5 23 21 316.2160983768817
1 4 5 24 21 316.2160983768817
1 4 5 25 21 316.2160983768817
1 4 5 26 21 316.2160983768817
1 4 5 27 21 316.2160983768817
1 4 5 28 21 316.2160983768817
1 4 5 29 21 316.2160983768817
1 4 5 30 21 316.2160983768817
1 4 5 31 21 316.2160983768817
1 5 0 0 12 266.897050595476
1 5 0 1 12 266.897050595476
1 5 0 2 12 266.897050595476
1 5 0 3 12 266.897050595476
1 5 0 4 12 266.897050595476
1 5 0 5 12 266.897050595476
1 5 0 6 12 266.897050595476
1 5 0 7 12 266.897050595476
1 5 0 8 12 266.897050595476
1 5 0 9 12 266.897050595476
1 5 0 10 12 266.897050595476
1 5 0 11 12 266.897050595476
1 5 0 12 12 266.897050595476
1 5 0 13 12 266.897050595476
1 5 0 14 12 266.897050595476
1 5 0 15 12 266.897050595476
1 5 0 16 27 255.23466101085629
1 5 0 17 27 255.23466101085629
1 5 0 18 27 255.23466101085629
1 5 0 19 27 255.23466101085629
1 5 0 20 27 255.23466101085629
1 5 0 21 27 255.23466101085629
1 5 0 22 27 255.23466101085629
1 5 0 23 27 255.23466101085629
1 5 0 24 27 255.23466101085629
1 5 0 25 27 255.23466101085629
1 5 0 26 27 255.23466101085629
1 5 0 27 27 255.23466101085629
1 5 0 28 27 255.23466101085629
1 5 0 29 27 255.23466101085629
1 5 0 30 27 255.23466101085629
1 5 0 31 27 255.23466101085629
1 5 1 0 1 293.786618168869
1 5 1 1 1 293.786618168869
1 5 1 2 1 293.786618168869
1 5 1 3 1 293.786618168869
1 5 1 4 1 293.786618168869
1 5 1 5 1 293.786618168869
1 5 1 6 1 293.786618168869
1 5 1 7 1 293.786618168869
1 5 1 8 1 293.786618168869
1 5 1 9 1 293.786618168869
1 5 1 10 1 293.786618168869
1 5 1 11 1 293.786618168869
1 5 1 12 1 293.786618168869
1 5 1 13 1 293.786618168869
1 5 1 14 1 293.786618168869
1 5 1 15 1 293.786618168869
1 5 1 16 20 297.193270346428
1 5 1 17 20 297.193270346428
1 5 1 18 20 297.193270346428
1 5 1 19 20 297.193270346428
1 5 1 20 20 297.193270346428
1 5 1 21 20 297.193270346428
1 5 1 22 20 297.193270346428
1 5 1 23 20 297.193270346428
1 5 1 24 20 297.193270346428
1 5 1 25 20 297.193270346428
1 5 1 26 20 297.193270346428
1 5 1 27 20 297.193270346428
1 5 1 28 20 297.193270346428
1 5 1 29 20 297.193270346428
1 5 1 30 20 297.193270346428
1 5 1 31 20 297.193270346428
1 5 2 0 3 265.50942877300395
1 5 2 1 3 265.50942877300395
1 5 2 2 3 265.50942877300395
1 5 2 3 3 265.50942877300395
1 5 2 4 3 265.50942877300395
1 5 2 5 3 265.50942877300395
1 5 2 6 3 265.50942877300395
1 5 2 7 3 265.50942877300395
1 5 2 8 3 265.50942877300395
1 5 2 9 3 265.50942877300395
1 5 2 10 3 265.50942877300395
1 5 2 11 3 265.50942877300395
1 5 2 12 3 265.50942877300395
1 5 2 13 3 265.50942877300395
1 5 2 14 3 265.50942877300395
1 5 2 15 3 265.50942877300395
1 5 2 16 19 235.54742583184887
1 5 2 17 19 235.54742583184887
1 5 2 18 19 235.54742583184887
1 5 2 19 19 235.54742583184887
1 5 2 20 19 235.54742583184887
1 5 2 21 19 235.54742583184887
1 5 2 22 19 235.54742583184887
1 5 2 23 19 235.54742583184887
1 5 2 24 19 235.54742583184887
1 5 2 25 19 235.54742583184887
1 5 2 26 19 235.54742583184887
1 5 2 27 19 235.54742583184887
1 5 2 28 19 235.54742583184887
1 5 2 29 19 235.54742583184887
1 5 2 30 19 235.54742583184887
1 5 2 31 19 235.54742583184887
1 5 3 0 11 249.03408366818815
1 5 3 1 11 249.03408366818815
1 5 3 2 11 249.03408366818815
1 5 3 3 11 249.03408366818815
1 5 3 4 11 249.03408366818815
1 5 3 5 11 249.03408366818815
1 5 3 6 11 249.03408366818815
1 5 3 7 11 249.03408366818815
1 5 3 8 11 249.03408366818815
1 5 3 9 11 249.03408366818815
1 5 3 10 11 249.03408366818815
1 5 3 11 11 249.03408366818815
1 5 3 12 11 249.03408366818815
1 5 3 13 11 249.03408366818815
1 5 3 14 11 249.03408366818815
1 5 3 15 11 249.03408366818815
1 5 3 16 23 256.7660781795357
1 5 3 17 23 256.7660781795357
1 5 3 18 23 256.7660781795357
1 5 3 19 23 256.7660781795357
1 5 3 20 23 256.7660781795357
1 5 3 21 23 256.7660781795357
1 5 3 22 23 256.7660781795357
1 5 3 23 23 256.7660781795357
1 5 3 24 23 256.7660781795357
1 5 3 25 23 256.7660781795357
1 5 3 26 23 256.7660781795357
1 5 3 27 23 256.7660781795357
1 5 3 28 23 256.7660781795357
1 5 3 29 23 256.7660781795357
1 5 3 30 23 256.7660781795357
1 5 3 31 23 256.7660781795357
1 5 4 0 11 231.5685873301686
1 5 4 1 11 231.5685873301686
1 5 4 2 11 231.5685873301686
1 5 4 3 11 231.5685873301686
1 5 4 4 11 231.5685873301686
1 5 4 5 11 231.5685873301686
1 5 4 6 11 231.5685873301686
1 5 4 7 11 231.5685873301686
1 5 4 8 11 231.5685873301686
1 5 4 9 11 231.5685873301686
1 5 4 10 11 231.5685873301686
1 5 4 11 11 231.5685873301686
1 5 4 12 11 231.5685873301686
1 5 4 13 11 231.5685873301686
1 5 4 14 11 231.5685873301686
1 5 4 15 11 231.5685873301686
1 5 4 16 23 242.08599164724887
1 5 4 17 23 242.08599164724887
1 5 4 18 23 242.08599164724887
1 5 4 19 23 242.08599164724887
1 5 4 20 23 242.08599164724887
1 5 4 21 23 242.08599164724887
1 5 4 22 23 242.08599164724887
1 5 4 23 23 242.08599164724887
1 5 4 24 23 242.08599164724887
1 5 4 25 23 242.08599164724887
1 5 4 26 23 242.08599164724887
1 5 4 27 23 242.08599164724887
1 5 4 28 23 242.08599164724887
1 5 4 29 23 242.08599164724887
1 5 4 30 23 242.08599164724887
1 5 4 31 23 242.08599164724887
1 5 5 0 11 216.7282714529789
1 5 5 1 11 216.7282714529789
1 5 5 2 11 216.7282714529789
1 5 5 3 11 216.7282714529789
1 5 5 4 11 216.7282714529789
1 5 5 5 11 216.7282714529789
1 5 5 6 11 216.7282714529789
1 5 5 7 11 216.7282714529789
1 5 5 8 11 216.7282714529789
1 5 5 9 11 216.7282714529789
1 5 5 10 11 216.7282714529789
1 5 5 11 11 216.7282714529789
1 5 5 12 11 216.7282714529789
1 5 5 13 11 216.7282714529789
1 5 5 14 11 216.7282714529789
1 5 5 15 11 216.7282714529789
1 5 5 16 23 225.43018150497878
1 5 5 17 23 225.43018150497878
1 5 5 18 23 225.43018150497878
1 5 5 19 23 225.43018150497878
1 5 5 20 23 225.43018150497878
1 5 5 21 23 225.43018150497878
1 5 5 22 23 225.43018150497878
1 5 5 23 23 225.43018150497878
1 5 5 24 23 225.43018150497878
1 5 5 25 23 225.43018150497878
1 5 5 26 23 225.43018150497878
1 5 5 27 23 225.43018150497878
1 5 5 28 23 225.43018150497878
1 5 5 29 23 225.43018150497878
1 5 5 30 23 225.43018150497878
1 5 5 31 23 225.43018150497878
